   1.0000000e+00  -1.1385208e-01  -1.2952070e-01   5.8573020e-01  -6.0147786e-01  -1.2431764e+00  -1.7579703e-01  -5.8809649e-01  -6.3024669e-01   1.7005664e+00  -1.6514868e-01
   2.0000000e+00  -5.9426607e-01   9.2479360e-02  -5.1011646e-01   6.7491227e-01   2.6634733e-01   6.4476018e-01  -8.5197215e-01   2.7121723e-01   1.1961919e+00   4.5899588e-02
   2.0000000e+00  -1.2074133e+00  -3.6877074e-01  -5.4585717e-01   3.0850254e-01  -6.0123733e-02  -4.5353831e-01  -9.3536049e-01  -4.1444912e-01   6.1735383e-01  -1.0604757e+00
   2.0000000e+00  -7.4427415e-01   8.8885937e-01  -1.7728859e+00  -1.3622420e-01   8.8429899e-01   7.7804928e-01   1.7948531e+00   6.2563367e-01  -1.0965674e+00  -7.2352108e-02
   2.0000000e+00  -2.6966787e-01  -7.4799132e-01   5.3266324e-01   7.7796626e-01  -6.1938006e-02   7.5274839e-01   7.5218812e-01  -4.7577972e-01  -1.6441631e-01  -2.4884474e-01
   1.0000000e+00  -5.7462123e-01  -7.8566248e-01   4.3531230e-01   1.0629562e+00   8.1259182e-01  -6.9109919e-01   3.4503872e-01  -2.5917125e-01   1.0791007e+00   5.2306330e-01
   2.0000000e+00  -8.0251074e-01  -2.8017235e-01   2.8643817e+00  -1.3054849e-01  -1.1106431e-01   1.2483726e+00  -2.0935872e+00   2.0781363e-01   9.2591752e-01   9.8800617e-01
   2.0000000e+00  -9.2057248e-01   1.0312119e+00   2.4039387e-01   1.3426989e+00   2.0473669e-02   1.6970800e+00   6.0951779e-01  -5.0783711e-01  -1.8064340e-01  -2.1928797e-01
   2.0000000e+00   3.3900951e-01  -9.9988076e-01   6.5349861e-01  -5.4937799e-01   4.4632907e-01  -9.1886223e-01   4.4830492e-01   2.7053682e-01  -6.2085536e-01  -1.1166691e+00
   2.0000000e+00   5.7937302e-01  -1.5166320e-01  -2.1510855e+00  -3.1906277e-01  -2.5888094e-01  -2.4607255e-01  -2.8923774e-01   1.0045702e+00  -1.8274006e+00  -1.5161661e+00
   2.0000000e+00   4.1175024e-01  -4.8767724e-01  -9.5936668e-01   2.4987578e-01   3.1743921e-01   6.6065094e-01   1.3390886e-01  -4.3323211e-01  -4.1620572e-01  -4.5498850e-01
   1.0000000e+00   1.6094743e+00  -3.7577956e-01   3.7582565e-01   3.2531115e-01   8.6847398e-01   3.2730330e-02  -1.5325828e-02  -3.1047977e-01  -1.1912617e-01  -2.5373716e-01
   2.0000000e+00  -1.0360868e+00  -9.2442705e-01  -2.8215825e-01  -5.4390385e-01  -3.9099819e-01   1.3166212e+00   2.2666981e+00   4.5768307e-01   3.4641199e-01   1.2511791e+00
   2.0000000e+00   6.3836374e-01   9.8648594e-01  -6.8247232e-01   1.6660293e+00   2.3291682e+00  -5.2982509e-01   1.7962632e+00   1.2997763e+00   7.8748521e-01   1.7900481e+00
   2.0000000e+00  -5.5622849e-03   9.7473992e-01  -1.5957201e+00  -1.2683385e+00   1.9270784e+00   4.8522381e-01  -9.8645094e-02   5.6072290e-01  -1.5850670e+00  -9.3240522e-01
   2.0000000e+00   1.5755237e-01  -1.1212433e+00  -1.5495762e+00   6.3750707e-01  -1.6367777e-01  -1.6977913e-01   3.0491980e-01   5.1530731e-01   4.4053117e-01  -2.3350309e+00
   2.0000000e+00   3.4383107e-01  -4.5916319e-02   1.3144792e+00  -1.4245023e-01   1.5863485e+00  -3.5594829e-01  -6.7959783e-01  -1.6679013e+00  -6.8553854e-01  -3.7941483e-01
   1.0000000e+00  -5.6264940e-01  -2.6859851e-01   2.0385460e-01   2.7250319e-01   1.2208678e+00  -1.2120174e+00   2.4710808e+00   7.4690708e-01  -3.4774067e-02  -1.3815794e+00
   1.0000000e+00  -5.3961559e-01   7.9199804e-02   5.6168553e-01   1.5501566e+00   1.3683614e+00   1.1459892e+00  -8.4392379e-01  -7.8148189e-01  -8.1241962e-02  -3.7455137e-01
   2.0000000e+00  -4.1087749e-01   8.4865880e-01   4.2394010e-01   1.5088225e-01   7.4425100e-01  -1.6519254e-01   1.3017105e+00   1.4366325e+00  -3.8530420e-01   5.7618645e-01
   2.0000000e+00   2.1795024e-01  -3.4041488e-01   1.1792684e+00   4.6562575e-01  -5.5185506e-01  -1.3567867e+00   9.9808368e-01   7.1315220e-04  -2.2806648e+00   1.1503956e-01
   2.0000000e+00  -9.6220404e-01  -1.1636268e+00  -1.4570549e+00  -8.4181960e-01  -8.0406687e-01  -3.7311319e-01  -1.6203380e+00  -3.0679508e-01  -2.0693389e+00   1.2973327e+00
   2.0000000e+00   8.1778255e-01   1.6470160e-01  -4.3278908e-01   5.7946145e-01  -1.9539021e+00   3.3358711e-01   8.9585786e-01  -2.7150259e+00  -1.6691906e+00  -2.2009301e+00
   2.0000000e+00  -9.0246290e-01  -3.6292207e-02   1.8139293e+00  -9.5206035e-01   7.5983418e-01   9.4474647e-01  -1.1910987e+00  -2.1220366e+00   4.5300656e-02   2.7016517e-01
   2.0000000e+00   2.8846067e-02   1.8927735e-01  -7.0840240e-01  -1.1686292e+00  -8.2720643e-01   2.0852116e-01  -3.5790592e-01   1.0696582e+00   1.5188777e+00  -1.0489944e+00
   2.0000000e+00   2.0432464e-01   3.0856825e+00  -1.3846969e-01   7.6712659e-02  -1.9338349e-01   1.0471608e+00  -5.4447382e-01   8.5979110e-01   3.6593622e-02  -1.6912257e+00
   2.0000000e+00  -1.0975979e+00  -8.3243115e-01   5.1727001e-01  -3.2265572e-01   1.7795753e-01   1.1633843e+00  -6.1171678e-01   9.0435067e-01   9.1560930e-01   4.7353788e-01
   1.0000000e+00   6.7393828e-02  -2.8166399e-01   7.9269013e-01  -8.3565498e-01   5.0642966e-01  -1.0171995e+00  -9.6825040e-01  -1.7863827e+00   9.5081370e-01   1.9799717e+00
   2.0000000e+00   6.4467389e-01   4.2812537e-01   1.4021273e+00   7.2669059e-01  -1.1848680e+00  -8.3120135e-01  -3.8097060e-01  -1.4239423e-01   5.4350839e-01  -6.3845426e-01
   2.0000000e+00  -1.1337245e+00   9.5174317e-01   6.2264306e-01   7.9205482e-01  -7.2654464e-02   2.4572777e-01   1.9579445e+00  -9.8424998e-01  -1.4351272e+00   1.9317034e+00
   2.0000000e+00   1.3077504e-01   1.9726939e+00  -1.7249218e-01  -4.0324642e-01   1.7121256e+00  -7.2949859e-01   2.1050121e-01  -2.2068310e+00   2.3311541e+00   1.2425041e+00
   2.0000000e+00  -1.1211294e+00  -1.0475971e+00   1.2899332e+00  -1.8519816e+00  -7.3468515e-01  -3.9154142e-01   1.0718356e-01  -6.6906979e-01  -9.7789032e-01  -1.0449689e+00
   2.0000000e+00  -1.5592767e+00   5.4111099e-01   9.4656307e-01  -2.5525652e-01   1.3355554e+00   3.4101871e-01  -1.3364946e+00   6.9012079e-01   7.2668222e-02  -1.7944369e-01
   2.0000000e+00   1.5492898e+00  -7.6467927e-01   1.5565101e+00  -7.4976721e-01  -1.5684420e-02   6.5552615e-01   4.5183389e-01   7.3823123e-01  -9.8645047e-01  -2.3715104e+00
   2.0000000e+00   3.2800647e-01   3.7979134e-01  -1.7373919e+00  -3.7428297e-01  -1.6275790e+00   1.0965851e+00  -1.6204488e+00   9.2474915e-01  -1.7785157e+00  -5.5758599e-01
   2.0000000e+00   4.5307455e-01  -1.0999220e+00  -4.8520146e-01   1.3293054e+00  -9.1110994e-01   1.1253153e+00  -1.0760820e-01  -1.0867458e+00  -1.3569641e+00  -8.2452589e-01
   2.0000000e+00  -8.5616667e-01  -3.4697115e-01  -8.3172371e-01  -5.8020723e-01   4.3775655e-01  -5.2328375e-01  -7.3177763e-01   5.4936775e-01  -4.8269821e-01  -4.1923255e-01
   1.0000000e+00  -5.1818033e-01   6.4514659e-01   7.3913785e-02  -1.7429905e+00  -2.2513276e+00   5.3970011e-01  -4.5544671e-02   9.7279034e-01   7.5650535e-01   1.6094182e+00
   2.0000000e+00  -1.5046471e+00   1.0608730e+00  -7.6570444e-01   1.1792888e+00   5.8579136e-01   4.7864943e-01  -1.5540344e+00   9.9677607e-01   1.6651398e+00  -7.5447888e-01
   2.0000000e+00  -1.1237232e+00   5.1952469e-01  -1.5562469e+00  -4.0017321e-01   1.1896859e+00   4.8817122e-01  -5.2595414e-01   1.0755916e+00   7.3684042e-02   3.7542556e-01
   2.0000000e+00  -1.0040600e+00   1.6202428e+00  -1.3594878e+00  -1.1725631e-01  -4.3353400e-01   1.0302655e+00   6.5511882e-02   2.8365895e-01   5.7697333e-01  -8.1458266e-01
   2.0000000e+00   1.5740729e+00   1.8964334e-01  -1.6173630e+00  -2.3405706e-01  -9.6348694e-01   5.7763173e-01   1.7956939e-01   2.1397077e-01   1.2859713e+00  -1.8031594e+00
   2.0000000e+00  -9.8327500e-01  -4.8132534e-01   1.8635777e+00   7.7426606e-01   8.0623527e-01  -1.9692199e-01   1.1191271e+00   2.5046154e-01   8.4196524e-01  -8.6652935e-01
   1.0000000e+00  -7.0983199e-02  -6.7784674e-01   1.5540518e-01  -9.4234833e-01   1.0425003e+00   1.1670546e-01  -2.7820306e-01  -1.7787662e-01  -2.6465564e-01   3.2328874e-01
   2.0000000e+00   5.3194526e-01  -2.0010433e-01  -1.2087681e+00   5.4112777e-01   4.9328831e-01  -3.4211464e-01   5.9841501e-01  -3.4898095e-01  -1.3234071e+00  -1.4865954e-02
   2.0000000e+00   1.6728136e+00  -1.6852211e+00   1.3136798e+00  -9.9341033e-01   6.5404344e-01  -9.9311188e-01   1.4076297e+00   1.1064666e+00  -4.2525964e-01   1.4400158e+00
   2.0000000e+00   1.3155315e+00  -9.6273281e-01   1.3670418e+00  -2.5156409e-01   8.8419026e-02   1.3265785e+00   7.1610019e-01   6.2839579e-01  -1.2189207e+00  -2.5835661e-01
   2.0000000e+00   4.8414640e-01  -5.8322361e-01   1.3393964e+00   8.4970036e-01  -1.0393120e+00   7.4672448e-01   6.4822400e-01   7.9581940e-01   3.7660562e-01   1.4212145e+00
   2.0000000e+00  -4.5209599e-02  -6.3543084e-01  -5.4831697e-01  -5.8496722e-01   3.3984373e-01   1.5690688e+00  -6.3140261e-01   6.3293042e-01   4.4453467e-01  -9.8325431e-01
   1.0000000e+00  -6.9953595e-01  -5.4255901e-02   1.1058679e-01   2.5229951e-01   3.3833768e-01   1.1039715e+00  -5.7552082e-01  -8.9716106e-01  -1.4190677e+00  -8.0228184e-01
   2.0000000e+00   5.8720904e-01  -1.4160637e+00  -3.8096203e-01   1.2714464e+00  -1.1318599e+00   2.8097213e-02  -4.9181138e-01   3.7213740e-01  -9.3416112e-01  -4.0992888e-01
   2.0000000e+00   1.1820512e-01  -2.1566638e+00  -1.8475648e+00   1.5489685e+00  -9.5340435e-01   6.0023646e-01  -6.2425422e-01   1.0962361e+00   1.4895869e+00  -6.8684805e-01
   2.0000000e+00  -4.5799292e-01   4.4093417e-01  -1.3185098e+00  -2.3561361e-01   9.8499426e-02   5.6844685e-01  -1.2114565e+00  -6.5597574e-01  -3.1239434e+00  -6.7981178e-01
   2.0000000e+00  -1.1726970e+00  -2.8625599e-01  -1.2087150e-01  -5.0231517e-01   1.5459651e-01  -1.5239008e+00   1.1031153e+00  -1.9058132e+00  -7.2767437e-01  -3.4620674e-01
   2.0000000e+00   1.4831097e+00   6.3178341e-01  -1.4921272e+00  -1.0689542e+00  -2.2040774e-01  -1.3019676e+00   6.1202591e-01   6.1959928e-01  -4.2126955e-01   1.4773744e+00
   2.0000000e+00  -7.5727390e-01   4.1778035e-01  -5.3360405e-01   1.0261701e+00   4.3904871e-01  -2.1855815e+00  -8.5046124e-01   3.1489471e-01   8.7256723e-01  -1.0179211e+00
   2.0000000e+00   1.7541994e-01  -1.0094342e-01  -1.8551793e+00   5.7316766e-01  -3.0564413e+00   1.0811853e+00  -6.0664648e-01   7.2752802e-02  -5.1666452e-01  -6.2114582e-01
   1.0000000e+00   6.4940254e-01  -6.1776358e-01   4.6305060e-01  -5.4991483e-01   2.7447391e+00   4.4266088e-01  -5.7306148e-01   1.2451241e+00  -3.6511274e-01   1.3506529e+00
   2.0000000e+00   1.3074565e+00   5.8164337e-01   6.7755221e-01  -2.1418702e+00   1.1438336e+00  -1.8410064e-01   2.3654876e+00  -6.0179201e-01  -1.4523477e+00   1.2779002e+00
   1.0000000e+00   8.1612833e-01   6.6165229e-01   1.7571082e-01  -7.7973796e-01   4.6022336e-01  -3.8961714e-01  -7.7874873e-01   1.7283110e+00  -1.1542762e+00  -7.0228354e-01
   2.0000000e+00   3.6440942e-01   9.2775756e-01  -4.0947221e-01   1.0602471e+00   2.4344927e-01  -1.4778484e-01  -5.4728493e-01  -1.1566886e+00  -5.4135659e-01  -7.3186492e-01
   1.0000000e+00  -5.1730704e-01   5.2832345e-01   3.4897779e-01  -1.2823892e+00  -1.7027239e+00  -1.1462452e+00  -2.4853387e-01  -9.8638788e-01   1.9058623e-01  -4.8202794e-03
   2.0000000e+00  -5.1303314e-01   1.6123759e+00  -4.3835319e-01  -6.1761825e-01   4.2971194e-01  -1.0108441e+00  -1.2348917e+00   7.7918386e-01   1.3900277e+00   2.0548603e-01
   2.0000000e+00   1.0819540e+00   1.0647438e+00   5.2343909e-01  -1.2508960e-01   5.1414706e-01   3.4572749e-01  -2.7556578e-01   1.3294493e-01  -4.9710622e-01   5.9717071e-01
   2.0000000e+00  -7.0203005e-01  -9.7628809e-01   9.4072706e-01  -1.4539880e+00  -1.0889952e+00  -1.5475848e+00   1.4674156e-01  -1.8342577e-01   4.4216358e-02  -8.2140310e-01
   2.0000000e+00   1.5038572e+00   8.5615987e-01  -3.7523038e-01   7.2743479e-01  -8.1962254e-01   9.1039794e-01   2.0347859e-01  -6.1703200e-02   1.3592408e+00  -4.0509084e-01
   2.0000000e+00   2.6294587e-02   1.4808676e+00  -1.2648430e+00   9.1158158e-02  -5.5405355e-02  -1.5093030e+00   1.2761333e-01  -1.0295142e+00  -5.4977658e-01  -4.9382876e-01
   2.0000000e+00   1.1849574e+00  -9.3294056e-01  -8.0610329e-01   2.5003032e-01   1.3223086e+00  -1.4335201e+00   1.1142529e+00  -1.3744012e+00   1.8978353e+00  -2.5959843e+00
   2.0000000e+00  -6.4165708e-01   9.8919144e-01   1.3406167e-01  -4.3032192e-01  -7.6420144e-01   2.1075156e+00  -1.9372841e-01  -1.7387382e-01  -3.7648833e+00   5.5084079e-01
   2.0000000e+00   9.6108547e-01   9.6766474e-01   3.1728608e-01  -2.9705497e-01  -6.9912804e-01   2.5102049e-01  -1.9615686e-01   8.3825071e-01  -4.1730395e-02  -1.2111868e+00
   2.0000000e+00   3.3762388e-01  -2.3660803e-02  -1.1048912e+00   8.2229865e-01   2.1267885e-01  -6.0823342e-01   6.7842513e-01   3.3712423e-01   9.9332368e-01  -1.1120985e+00
   2.0000000e+00   7.5430388e-01  -1.0095974e+00  -1.0456806e+00  -5.1345901e-02  -1.2566957e-01   1.8246999e-01   2.6373954e-01   2.2961284e+00  -9.6555437e-01  -3.5061776e-01
   1.0000000e+00   5.1254442e-01  -2.7100574e-01   4.4080690e-01   2.9671202e-01  -7.0439924e-02   8.7743159e-01   7.8892866e-01  -1.1223515e+00  -5.1562840e-01   1.7757580e+00
   2.0000000e+00   1.0828981e+00  -1.0729126e+00   3.3914986e-01   5.4319465e-01   7.8296003e-02  -3.4883184e-01  -2.9678526e-01   2.6456665e-01   7.2764428e-01   1.4090361e+00
   1.0000000e+00   1.4482743e-01  -4.7778543e-01   1.2457418e-01   6.5415806e-01  -9.3204869e-01   1.0554457e+00  -1.5166718e-01  -1.8216820e+00   4.4091553e-01  -1.3477257e+00
   2.0000000e+00   1.0935068e+00   3.5052072e-01   1.1596898e+00  -5.0743581e-01   1.2359660e+00  -1.9379812e+00   8.3532292e-01   1.9767863e+00   1.9465514e-03   1.5969357e-01
   2.0000000e+00  -5.4337387e-01  -1.1218863e+00   1.1098116e+00  -9.8739672e-01  -1.7230700e+00   2.7814645e-02   1.2825965e+00  -1.4711406e+00   1.2389108e+00  -8.2481544e-01
   2.0000000e+00  -9.4610485e-01   1.6793949e+00   1.2448394e+00  -3.0868090e-02   1.5857532e-03   2.0454475e+00   1.2858794e-01  -4.7479001e-01  -5.4402489e-01   6.7198600e-01
   2.0000000e+00   1.4265867e+00  -1.8452953e+00  -1.1544896e+00  -3.7579424e-01  -2.1995138e+00   1.0538711e+00   7.5950775e-01  -1.8810571e+00   4.2289907e-01   1.0861798e+00
   2.0000000e+00   2.7358074e-01  -2.4332450e+00   1.2343564e+00   5.9460742e-02  -2.8567602e-02   3.4538848e-01  -2.0772867e+00  -1.9967990e+00  -7.4410368e-01   4.9128658e-01
   2.0000000e+00  -7.0216668e-01   1.1379239e-01   1.8388192e+00  -2.2571748e+00   7.2837499e-01   5.0235677e-01  -5.4935924e-02  -3.5338071e-01  -2.3979372e-01   1.1865182e+00
   2.0000000e+00  -2.2590391e-01   9.1952952e-01   2.2437297e-01   1.2201130e+00  -1.7510292e+00   1.2031824e+00  -8.2124599e-01  -1.1401577e+00  -1.1995574e+00  -2.3385342e-01
   2.0000000e+00  -5.7731090e-01   6.4707006e-01   7.1553072e-01  -1.1196806e+00  -4.3142261e-01   4.9421654e-01   7.4562911e-01   6.0360257e-01  -4.1855009e-01   1.0211058e-01
   2.0000000e+00   9.6002166e-02   7.9105354e-02  -2.8149043e-01  -2.2357653e-01   1.0292901e+00   9.6566978e-01  -6.0033977e-02  -2.1285507e-01   1.3213699e-01   7.0548454e-02
   1.0000000e+00  -1.2202579e-01   3.9387069e-01   1.9076921e-02  -7.8801329e-01   1.1668344e-01   9.2389317e-01  -9.2014867e-01  -4.9740932e-01  -5.7962617e-01   6.5127504e-01
   2.0000000e+00  -1.7832145e+00  -1.2842563e-01   1.0436845e+00   1.3268742e-01   6.4427235e-01   2.5843560e-01   1.2863036e-01  -9.4209427e-01  -9.3440809e-01  -2.6175900e-01
   2.0000000e+00   7.3282555e-01  -6.7166965e-01  -1.1697837e+00  -7.7825163e-01   5.5873057e-01  -2.8844303e-01   1.7737814e-01   3.6739987e-01   1.9549617e+00   4.2881956e-01
   2.0000000e+00   3.2456423e-01  -1.2196623e+00   4.5510078e-01   5.4091665e-01  -1.5335447e+00  -7.4939732e-01   2.4209281e-01   1.0847769e+00   1.7980067e+00   5.8940594e-01
   2.0000000e+00   3.4166823e-01  -1.8891337e+00   8.9265511e-01  -1.0250340e+00  -1.0972958e+00  -2.4234541e-01   1.6025990e+00   3.0677713e-01  -1.5773116e+00   2.2480083e-01
   2.0000000e+00  -3.9608405e-02   1.5914194e-01  -2.3948748e+00  -8.2607208e-01  -1.6686559e-01  -5.7440313e-01  -6.9647108e-02  -4.5231732e-01  -6.4579996e-02   1.4267901e+00
   2.0000000e+00   5.1701054e-01  -1.7672198e+00  -1.2961464e-01   2.1607514e-01   7.1123030e-01   6.3454730e-01   9.3227286e-02  -5.5680360e-01  -8.5800421e-01  -8.4688697e-01
   2.0000000e+00  -1.8572013e-01   2.2383844e+00  -2.1467490e-01  -7.1734639e-01  -6.6704180e-01  -7.5023958e-02  -2.4069644e-01  -1.3171588e+00   2.5302760e+00   3.5312774e-01
   2.0000000e+00   2.0610165e+00  -8.5947487e-01  -1.5678832e+00   7.0880919e-01   4.5380677e-01  -1.8731039e-01  -1.6589117e-01   7.6147792e-01  -7.7125741e-01   6.6917856e-01
   2.0000000e+00  -1.9505157e+00   1.6987033e-01  -1.5506977e+00   6.8345866e-01   6.6970317e-02  -8.4302759e-01  -3.5321918e-01  -1.5395794e+00   3.7242167e-01   1.8551503e+00
   2.0000000e+00   8.1968777e-01   5.7237197e-02   9.9002681e-01   6.2004655e-01   8.4712039e-01  -6.2704397e-01   1.1503733e+00   1.6837632e+00   7.5233810e-01  -3.2403553e-01
   2.0000000e+00   1.5727216e+00  -1.3942219e+00  -4.8040427e-01   2.7363660e-01  -1.5373600e+00  -4.3622316e-01   4.0527074e-01  -5.2157888e-01   6.3061013e-01  -6.6760942e-01
   1.0000000e+00  -1.5624382e-01  -3.0680791e-01   9.3678502e-02  -3.8215979e-01  -1.9885750e-01  -1.5571265e-01   1.5627977e+00  -7.4117392e-02   7.2864942e-01  -1.6050283e-01
   1.0000000e+00   5.1694210e-01  -4.1423372e-01   5.5579191e-01  -1.2389687e+00  -1.4241159e+00   1.1677510e+00   1.0466290e+00   6.4852955e-01  -2.7627744e-01   5.6069808e-01
   2.0000000e+00   1.2546826e-01   3.3807914e-01  -3.9376438e-01   9.4807170e-01   1.3509372e+00   7.5271853e-01  -5.3973835e-03  -7.4238011e-01   4.3539199e-02  -1.0946493e+00
   2.0000000e+00  -1.6907031e+00   1.5509797e+00  -1.0592406e+00  -9.0577282e-01  -2.1986811e-01  -1.2155985e-01   8.2123252e-02   1.4347240e+00  -1.6575223e+00   5.9271166e-01
   2.0000000e+00   8.1088439e-01   3.1306995e-01   2.2821758e+00   1.8961236e-01  -1.7793469e-01   2.2403209e+00   3.0871841e-01   6.4203634e-01   1.4498611e+00   1.6910739e-01
   1.0000000e+00  -4.8952869e-02   4.8808329e-01   4.5457454e-03  -1.6932552e-01  -2.9659025e-01  -1.2954824e+00  -1.6529107e-01  -9.1673297e-01  -3.7152694e-01  -1.2060431e+00
   2.0000000e+00   4.6215405e-01   1.7286721e+00   8.5430701e-01  -2.6661102e-01  -1.1397488e+00  -2.2882079e-01   1.1077072e+00  -2.0596667e-01  -7.6525819e-01  -9.7095109e-01
   2.0000000e+00  -7.8460135e-01   8.1174474e-01  -1.5924178e-02   1.3537075e+00   1.1214052e+00   5.5534986e-01  -1.1025343e+00   2.1508371e-01   2.0237591e+00   4.7300748e-01
   2.0000000e+00   1.2824773e-01  -2.6281524e-01   1.3545912e+00   1.1254547e+00   1.2028943e+00   1.4075771e+00   6.6300183e-01   9.3739390e-01  -5.8643552e-02  -1.4596122e+00
   2.0000000e+00  -3.6941847e-01  -7.5558965e-01  -1.4963851e-02   6.2830882e-01  -4.0606209e-01  -1.0644901e+00   1.3787665e+00   3.5257461e-01  -4.8643979e-01   1.3141718e+00
   1.0000000e+00   4.8100302e-01  -7.4656869e-01   3.2148845e-01   5.2556668e-01  -2.5468367e-01   1.6343817e+00   4.9747570e-01   5.8268869e-01  -1.7002857e+00  -1.0271715e-01
   1.0000000e+00   1.6925800e-01   6.9138587e-01   1.4070553e-01   5.6482656e-01   2.5405899e+00  -1.6278352e+00   2.5445629e-01  -1.2524663e-01  -9.0622478e-01  -1.2051143e+00
   2.0000000e+00   1.6394649e-01  -2.5912438e+00  -1.9315242e+00  -2.7148583e-01  -8.2688074e-01   1.6267641e+00   5.6994813e-01  -1.2542926e+00   4.8413380e-01   6.7517991e-01
   2.0000000e+00   2.8564241e-01  -1.0905645e+00  -9.0989233e-01  -1.3425712e-01   1.6910901e-01   1.7268098e+00  -2.2772174e+00  -7.2717503e-01   2.6081706e-01  -6.5846446e-01
   2.0000000e+00   1.6607788e-01   1.6129481e+00   1.1323960e+00  -1.7757129e+00   1.6978229e+00   2.9913786e-01   3.3002128e-01   2.7569352e+00   7.1205051e-01  -2.9879070e-01
   2.0000000e+00   3.4283719e-01   3.3805626e-01  -4.4711488e-01   8.4275756e-01   7.4130934e-01   1.8527029e+00   1.3639945e+00  -4.6298091e-01  -1.2633026e+00  -1.2655677e+00
   2.0000000e+00  -3.9525102e-01   6.7855944e-02  -1.2948965e-01  -1.2725366e+00   5.8422839e-01   2.3606786e-01  -6.5366522e-02  -6.6723178e-01  -1.2871311e+00   3.2402620e-01
   2.0000000e+00   2.3410313e-01   3.6284230e-01  -5.4420524e-01   1.1387825e+00   2.5853538e+00  -1.0630279e-01   6.4868504e-01  -1.0775896e+00  -7.4734472e-01  -1.6118984e+00
   2.0000000e+00  -2.7186120e-01  -2.0371021e+00   5.9776377e-01  -2.2464280e+00  -6.4296016e-01   3.5498740e-01   1.5319688e+00   1.5329829e+00  -1.0868749e+00   1.2978292e+00
   2.0000000e+00  -1.4209732e+00  -7.5750415e-01   1.5787607e+00  -9.6487613e-01   8.6469229e-01   8.4892761e-01  -1.8878012e-01   6.8845887e-01  -5.9391995e-01  -7.0911578e-01
   2.0000000e+00   1.1137486e+00  -8.8047536e-01   3.2391658e-01   4.1316053e-01   3.2645013e-01   4.7728239e-01  -8.5361481e-01   1.0034197e+00   3.1519304e-01   3.3897918e-01
   2.0000000e+00  -8.6989509e-02  -3.7832885e-01   8.3300614e-01   9.8340306e-01   4.9458445e-01   1.7797255e+00  -2.8978637e-01   6.1871019e-01  -7.8802789e-01   7.5565880e-01
   2.0000000e+00  -1.0475698e-01   7.8378404e-02  -7.7208315e-01   5.0890770e-01  -7.8927299e-01   8.5706257e-01  -1.2655809e-01  -3.3685990e-01   1.3935227e+00   2.0838354e+00
   2.0000000e+00   2.0369420e+00  -1.4673477e+00  -6.4731225e-01  -9.9481962e-01   1.1109009e+00   7.6074868e-02  -2.0800962e+00  -5.5037690e-01   2.7510743e-01   7.4662465e-01
   2.0000000e+00   1.3886864e+00   7.2214428e-01   7.1798092e-01  -2.2847279e+00   1.2189006e+00   1.2079684e+00   8.6055184e-01  -3.4531356e-01   7.2400173e-01  -4.7489502e-01
   2.0000000e+00  -1.3860807e+00   8.8944740e-01  -1.0634878e+00   7.1348630e-01  -1.4426683e-01   8.0227303e-02  -1.0061426e+00   6.5933275e-01  -1.5116286e+00   1.1990944e+00
   2.0000000e+00  -2.1438151e+00   1.1239366e+00   3.4280959e-01  -1.3017835e-01  -6.5892740e-01   3.9158870e-01  -7.3412232e-01  -4.7666881e-01  -1.0913708e+00  -2.1250757e+00
   1.0000000e+00  -1.4761333e+00  -1.8987987e-01   8.7616974e-01  -3.1983852e-01   8.2779086e-01  -1.2837160e+00   4.3736194e-01  -1.3655709e+00  -5.0137863e-01  -1.2955138e+00
   2.0000000e+00   1.2579783e+00   2.7313750e-01  -6.0317155e-01   1.1998392e+00  -1.1732994e+00  -5.9485023e-01  -1.5802727e+00  -2.0554236e-01  -6.7167121e-03  -4.9895012e-01
   1.0000000e+00   8.0929745e-01   2.1975942e-01   4.3703766e-01  -3.7524962e-01   6.1911238e-02   2.3857302e-02  -2.0591578e+00  -2.8140628e-01  -1.6859743e+00  -8.3757010e-01
   2.0000000e+00  -8.4637392e-01   1.9622462e+00   3.7391475e-02   1.6753030e+00   7.3386419e-01   2.5207601e-01  -3.4844346e-01  -4.1146339e-01   9.7133448e-01   8.3613929e-01
   1.0000000e+00   1.4366888e+00   8.8354542e-02   7.3512287e-01  -1.4323649e+00   2.6413821e-01  -1.0074422e-01  -3.8713722e-01   4.3136606e-02  -2.4028366e+00   5.4856197e-02
   2.0000000e+00   2.0874889e+00   8.6752627e-02  -3.6167130e-01  -1.2565363e+00  -2.0731789e-01   7.6947436e-02  -6.0407154e-01  -5.7829797e-01   3.6276062e-01  -9.6602900e-01
   1.0000000e+00  -9.4636412e-01  -1.9456525e-01   4.2829983e-01   1.2817433e-02  -1.1458362e-01  -3.4145049e-01  -9.7709173e-01   6.8114538e-01  -2.7054492e-01  -1.3382454e+00
   2.0000000e+00   9.1845336e-01  -1.1933371e+00   1.0309902e-01   8.4654948e-01   5.6241204e-02   1.9090654e-01   3.0473867e-01   5.2136831e-01   6.2264258e-01   1.5780144e+00
   2.0000000e+00   3.7736441e-01   2.5084197e-01  -1.8078472e+00   4.2262727e-01  -1.3600992e+00  -3.5711698e-01  -2.1417247e+00   1.3533065e-01   4.3764394e-01   8.3517937e-01
   2.0000000e+00  -1.2267194e+00   5.9183821e-02  -1.5698050e+00  -7.0067590e-01  -9.3210527e-01  -7.0001627e-01  -3.7531623e-01  -1.8656812e+00  -7.6513317e-01   1.3911959e+00
   2.0000000e+00   3.6317888e-01  -4.7146188e-01   1.8903639e+00  -7.5221070e-01   4.5683356e-01   2.7067128e-01   1.5375112e+00   2.3214407e-01  -4.8349118e-01   1.0850245e+00
   2.0000000e+00   3.6600313e-01   1.5234597e+00   9.5164152e-01   1.5697577e+00  -2.3084421e-01   1.0285768e+00  -7.1406549e-01   1.4495906e+00   2.2467575e-01  -6.0141179e-01
   2.0000000e+00  -1.6948252e-01   1.6646754e+00  -4.8688836e-01  -5.0396401e-01  -5.1599716e-01  -1.0650340e+00   3.7729615e-01  -1.0412772e+00   3.7206641e-01   1.3473257e+00
   2.0000000e+00   4.5711328e-01  -2.2522206e-01  -7.5075135e-01   7.3397877e-02   2.6078226e-01   8.5359504e-01  -1.4103712e+00   1.4039751e+00   1.1346465e+00   5.1965403e-01
   2.0000000e+00   1.2057334e+00   1.1545770e+00   1.1826855e-01  -9.3658444e-01   7.9131089e-02   4.8277359e-01   1.4992694e+00   3.9938821e-01   3.6475994e-01   1.6550687e+00
   2.0000000e+00   2.9724489e-01  -1.2363381e+00  -3.2230246e-01  -3.0290968e-01  -4.0547690e-01   1.2531648e+00   1.0618575e+00  -1.3649748e+00  -9.6859104e-02  -9.0406135e-02
   1.0000000e+00   2.0996005e-01   4.7094425e-01   2.7136544e-01   8.3342031e-01   1.8030816e+00  -1.0036236e+00   1.2229264e-01  -1.6301233e+00  -2.1471052e+00  -2.3376602e-02
   2.0000000e+00  -1.1959250e+00   5.0620855e-01  -3.5371344e-01   7.9245553e-01   5.7219115e-01   6.4568923e-01   5.9150596e-01  -3.8767810e-01  -2.2551808e-01  -5.4625519e-01
   2.0000000e+00  -9.8975603e-01  -2.9808358e-01  -4.1381237e-01  -1.2353961e-01  -7.8050474e-01  -1.0180380e+00   2.3038925e+00  -1.1022689e+00  -1.2929193e+00   1.6376351e+00
   2.0000000e+00  -2.8159759e-01   7.2632183e-02  -3.2653540e-01   9.0614657e-01   3.6762496e-01   1.0680323e+00   1.0020555e+00  -8.4369242e-01  -1.7286820e-01  -2.5648162e+00
   2.0000000e+00   1.1057346e+00   8.2163457e-01  -1.8980898e+00  -1.1081357e+00   1.2041637e+00  -1.2546131e+00  -2.0102316e-01  -2.1757043e+00   6.0942225e-01  -1.3103594e-01
   2.0000000e+00   1.5145957e+00   1.3710303e+00   1.0618753e+00  -1.4475938e+00  -2.4062687e-01  -8.1244846e-01  -1.5292979e+00  -1.6891615e+00   9.2555577e-01   3.1818798e-01
   2.0000000e+00   1.3104819e+00  -5.4464903e-01  -5.5340817e-02  -3.5363250e-01   4.9366654e-01  -1.0760415e+00   4.5375527e-01   1.4728422e+00   5.2183591e-02  -1.1050912e+00
   2.0000000e+00   1.3183943e+00   8.1300564e-01   1.3161022e+00  -2.0055403e-01  -1.3525656e-01  -7.3709421e-01  -1.0524325e+00   3.9260185e-01   1.4023553e+00   1.4546153e+00
   2.0000000e+00   2.5164361e-01   1.6028683e+00  -1.3515306e+00   1.1489169e+00   9.1543701e-01   1.6920660e+00  -2.0838371e+00  -1.7119393e+00   2.7518133e-02   1.4181647e+00
   2.0000000e+00  -3.8429223e-01  -7.7301278e-01  -5.8473500e-01  -5.8904465e-01   3.2590667e-01  -1.5585999e+00  -3.2994775e-01  -2.2524599e-01   1.6256455e+00   1.1050886e+00
   2.0000000e+00   4.7748181e-01  -9.0316580e-01  -1.3235726e+00   4.4234046e-01   2.9021983e-01   3.1937395e-01  -5.5027833e-01   1.0577281e+00  -9.4140464e-01   2.9522097e-01
   1.0000000e+00   4.9837464e-01  -6.1623872e-01   7.2746427e-02   1.5639460e+00   9.4690805e-01   9.0374493e-02   1.5406095e-01  -5.1806076e-01   1.1896477e-01   1.4841942e+00
   2.0000000e+00  -3.8241052e-01  -1.2169611e+00   1.2120278e+00   6.9654195e-01  -1.5463797e-01   5.9324378e-01  -1.3074591e+00  -3.9756196e-01   1.3263425e+00  -3.3973394e-01
   2.0000000e+00  -6.1804573e-01   1.0644080e+00  -1.4505056e+00   7.4359932e-01   3.1840429e-03   1.1939496e+00  -3.5616049e-01   1.0746076e+00  -5.0037549e-01   1.0881794e+00
   1.0000000e+00   8.3840170e-01   6.3906692e-01   6.1270837e-01  -1.1859312e+00   1.1235033e+00   7.4822892e-01  -5.7292380e-02  -1.3192722e+00   6.0595086e-01  -7.8567444e-02
   2.0000000e+00  -1.2161440e-01  -1.3253120e+00  -4.4466516e-01  -4.6532253e-01   1.6753431e+00  -9.9744088e-01  -1.5707760e-01  -1.2860115e-01   1.0642036e+00   8.9565227e-01
   1.0000000e+00   1.5887699e+00   5.1630927e-01   1.2463964e-01   1.3075927e+00  -7.1809827e-01  -7.9753192e-01   1.2130658e-02  -5.9615290e-01  -1.2078297e+00  -7.6480653e-01
   2.0000000e+00   9.8040179e-01   9.4226699e-01   1.2730330e-01   1.5910023e+00   1.1347606e+00  -7.2645388e-01  -2.6785161e-01   3.5795601e-01  -5.2989900e-01   7.2651811e-01
   2.0000000e+00   5.6607805e-01   3.2997462e-01   1.3598966e+00   6.7892197e-01   2.2571416e-01   1.3897321e+00  -3.1291402e-01   1.5742499e+00  -5.0170823e-01   8.7675646e-01
   2.0000000e+00  -8.4922455e-01   5.8162607e-01   1.4640294e+00   1.2573966e+00  -2.5247049e-02  -6.2749327e-01  -5.9594381e-01  -1.3992517e-01   1.1846536e+00   2.0366399e+00
   2.0000000e+00   1.3033378e+00  -1.7681201e-01   8.9812565e-01   3.9435133e-02   5.7664178e-01  -2.4804518e-01   5.4661857e-01  -1.7215465e+00  -1.8557308e+00  -2.7008648e-01
   2.0000000e+00   4.8642304e-02   4.6044585e-01   1.4952888e+00   5.9439020e-01   1.4586957e+00  -2.8840719e-02   6.8415761e-01  -8.9075618e-01  -7.2692673e-01   3.9029843e-02
   2.0000000e+00  -2.3076984e+00  -7.1157876e-01   5.5281501e-01  -1.0087158e+00   3.6859807e-02  -1.3808967e-02   2.0405619e-01   7.3399997e-01   1.3151197e-01  -9.6648812e-02
   2.0000000e+00   1.9970513e+00  -8.3663628e-01   7.1925425e-01   9.7212952e-01  -3.1726874e-01  -1.4949974e+00   1.8168754e+00  -1.7851547e+00  -1.7185910e+00  -7.0281134e-01
   2.0000000e+00   1.0255575e+00   7.6872283e-01  -2.9261245e-01  -3.5096494e-01   1.3769706e+00   5.6015468e-01  -5.2437443e-01  -5.8472095e-01   5.1056327e-01  -8.7446180e-01
   1.0000000e+00   8.0793360e-01   2.5337610e-01   7.1814315e-01  -1.8233440e-01  -5.3368865e-01   9.0618344e-02   5.6653539e-01  -1.4378977e-01  -1.9024537e-01   2.0253119e+00
   2.0000000e+00  -1.4534621e-01  -1.3554282e+00  -4.0530777e-01   1.6255631e+00   5.6447837e-01  -7.9987506e-03   1.0951564e+00  -4.5107455e-01   8.5437387e-01   6.2398478e-01
   2.0000000e+00   1.2259326e+00   9.8224512e-02  -7.7535551e-01   9.3471000e-01  -1.2345973e-01   2.7131740e+00  -1.9866281e+00  -3.3769163e-01   1.2294051e-01   4.1704295e-01
   2.0000000e+00   9.9644344e-01   8.7470824e-03   1.6537242e+00   8.5105524e-01   1.2087144e+00   2.6732984e+00   1.2270681e+00  -1.3285996e+00  -8.8305517e-01   1.3457769e+00
   2.0000000e+00   7.6482912e-01  -4.4821258e-01   1.8706239e+00   2.9247149e-01  -4.3238486e-01   1.3725624e-02   5.0206423e-01  -1.7286629e-01   5.6148092e-01  -5.3150556e-01
   2.0000000e+00  -4.5974334e-01   2.9343234e-01  -8.7062423e-02   4.9001864e-01   1.2663343e+00  -3.2139083e-01   2.7581571e-01   2.6576208e-01   3.2479545e-01  -8.2995562e-01
   2.0000000e+00   1.4718924e+00   2.0220207e+00   6.8790206e-01   1.1924090e+00   1.7106233e+00  -1.9976730e+00  -7.3845144e-01   5.2224853e-01  -1.6275825e+00   7.4287897e-01
   2.0000000e+00  -1.9880327e-01   1.4205876e+00   4.4227038e-01   6.7256407e-01  -9.8910101e-02   9.3655443e-01   8.2163312e-01   1.8601656e-01   6.9525476e-01   2.6786694e-01
   2.0000000e+00  -5.0952088e-01  -1.2402106e-02   1.2934854e+00  -3.5874851e-01   1.2682616e-02   6.8084395e-01   1.6018242e-01   1.7292911e+00  -2.5506960e-01  -6.5283478e-01
   2.0000000e+00   2.2477777e-01   1.1086130e+00   1.4665129e+00  -6.0921048e-01  -1.9131546e+00   1.1164967e+00  -9.2863321e-01   3.8403736e-02   5.1163329e-01  -1.0193209e+00
   2.0000000e+00   3.9278244e-01  -1.5401466e+00   6.7515316e-01   3.0007418e-01  -1.0323576e+00   7.1107824e-01  -1.0254079e-01  -7.1259443e-01   3.4239496e-01  -8.4405744e-02
   2.0000000e+00   4.8185842e-01  -3.3171375e-01  -1.7851660e-01   1.8618937e+00   8.2615267e-01   1.1945222e+00   1.8337941e-01  -2.3414534e-02  -2.5549696e-01   1.0319970e+00
   1.0000000e+00   1.8012223e+00  -2.8194673e-01   1.6683080e-01  -5.4705553e-01  -2.2564183e+00  -6.6547733e-01   1.4068960e+00   3.0563007e-01   1.2596181e+00  -3.9267776e-01
   1.0000000e+00  -3.8432243e-01   5.0200140e-02   4.3125368e-03   5.0917425e-01   2.7305613e-01  -8.3432520e-01   2.1035209e+00   1.0567043e-01  -4.8448477e-02   5.8229685e-01
   2.0000000e+00   5.1546112e-01   1.5547054e+00   6.6243288e-02  -2.9137163e-01  -1.4577182e+00   8.1023529e-01  -1.1078197e+00   8.8163356e-01  -1.3138243e+00  -5.0455741e-01
   2.0000000e+00  -4.5173319e-01  -1.1058612e+00  -1.9465264e+00  -5.8102132e-01   1.6845709e-01   2.2423689e-01  -5.9072214e-01  -1.3867774e+00  -3.6655202e-01  -4.0221577e-01
   2.0000000e+00   2.3198131e-01   5.0007772e-01  -1.6294177e-01   5.7632199e-03   6.8950624e-02   1.0268622e+00   9.2966250e-01   1.0334438e+00  -7.6399477e-01   1.1028067e+00
   2.0000000e+00   6.7280749e-01  -1.0114559e+00   1.2613369e+00  -4.9379638e-01   7.2848544e-01   3.9504614e-01   7.3420960e-01   1.2412078e+00  -2.0086930e-01  -7.4323813e-01
   2.0000000e+00  -1.4375194e+00   1.1439495e+00   2.5651669e+00   6.0679400e-01   6.0998902e-01   4.2073031e-01  -7.7746530e-02   1.4498768e+00  -2.1530435e-02   3.2013495e-01
   2.0000000e+00   3.7683712e-01  -1.5913515e+00   1.1422585e-01  -2.1296413e-01   1.3799950e+00   1.0495184e-01   3.5202920e-01   1.1398558e+00   4.8539248e-01  -1.6925615e+00
   2.0000000e+00  -6.4998138e-02   1.4455855e+00  -1.9213591e-01  -9.2186244e-01  -1.2444838e-01   1.1128326e+00  -2.6121115e-01   9.2345206e-01  -1.8641302e+00   1.1180099e+00
   1.0000000e+00   1.0814550e+00  -6.6813447e-01   4.0548711e-01  -1.2663466e-01  -4.1096406e-02   3.7057700e-01  -2.4270994e-01   9.9846336e-01  -7.3424123e-01  -6.5629309e-01
   2.0000000e+00   8.1854014e-02  -4.0527086e-02  -8.9778102e-01   4.3939191e-01  -1.8470969e+00   1.5484318e+00   2.5401716e-01  -1.3989873e+00   2.9104600e-02   2.5464851e+00
   2.0000000e+00   1.1017749e+00   8.8577801e-01   1.2375626e+00   1.4916302e-01  -1.4356740e+00  -1.1980547e+00   4.3859772e-01   5.9528161e-01  -6.9866404e-02   3.5118941e-01
   2.0000000e+00  -1.4687343e-02   1.2975934e+00  -9.1234972e-02  -3.6172939e-01   2.6758810e+00  -5.4583340e-01   4.9974790e-02  -3.5672242e-01  -6.5290172e-02  -1.7068569e+00
   2.0000000e+00   6.2009447e-01   1.0635218e+00  -1.0007568e+00   8.3073654e-01   2.1500731e-01   1.1447291e-01   5.7977410e-01   1.0529763e+00  -3.6474578e-01  -7.1087057e-01
   1.0000000e+00   1.5909252e-01  -4.9706955e-01   3.3776144e-01   1.8183656e+00  -5.3260811e-01   5.2890635e-02  -3.8453552e-01   1.1789594e+00  -9.0071832e-01   7.7383317e-01
   1.0000000e+00   1.8066363e+00   1.3523732e-01   7.2473880e-01  -2.9673547e-01   2.4147200e+00  -7.0693518e-01   4.0043776e-01   6.0923867e-02   1.4506605e+00   6.9416983e-01
   2.0000000e+00  -2.0162801e+00   8.8752394e-01  -1.2294025e+00  -2.0529096e-01  -5.2574552e-01  -1.0523092e+00   1.5845756e-01  -1.1624423e+00   2.1120110e-01  -1.0025901e+00
   2.0000000e+00   1.4507906e+00  -1.1980220e+00  -6.7522129e-01   2.1572551e-01  -2.4015726e+00  -8.5991059e-01  -1.6029109e-01   1.0205365e+00   1.4103388e+00   3.3946768e-01
   2.0000000e+00  -1.1791354e+00  -9.6491755e-01   1.2343938e+00  -7.7507535e-01   4.0589687e-01   2.0699255e-01   1.2477668e+00   1.1295379e+00  -8.3961799e-01  -1.2765265e+00
   2.0000000e+00  -1.7388258e+00  -7.4456063e-01  -1.4253888e+00   4.1432652e-03   2.6806305e-01  -6.3277987e-01   1.3563693e+00   6.7935597e-01  -2.0406679e+00   1.4267931e+00
   1.0000000e+00  -1.1939471e-01  -5.6861681e-01   1.5931604e-01   1.5833858e+00  -2.9542455e-01   2.2086824e-01   1.3132043e+00   1.7602787e+00  -1.2818355e-02  -1.3469397e+00
   2.0000000e+00  -2.6358192e+00   6.4944029e-01   1.4455429e+00   6.6266048e-01  -1.5447001e+00  -1.6319643e-01  -1.4413086e+00  -4.3095590e-01  -1.0704411e-01  -1.4370666e-01
   2.0000000e+00  -5.2090349e-01  -6.5678259e-01   1.2083123e+00  -6.7605386e-02  -4.4968010e-01   1.1223262e+00  -2.6783555e-01   2.8787236e-01  -8.2815369e-01   8.3876946e-02
   2.0000000e+00   3.7229069e-01   1.2400534e+00   3.3468387e-01  -9.7205523e-01  -1.1268026e+00  -1.6581366e-01  -8.6812534e-01   2.4416976e-01   5.9950419e-01  -5.5707890e-01
   2.0000000e+00  -1.6619971e-01  -1.0486063e+00  -4.4106579e-01   5.2412581e-02  -5.1131626e-01   1.2297288e+00   5.5366141e-02   5.0468663e-01  -1.3740824e+00   4.8389970e-01
   2.0000000e+00  -1.7113899e-01   1.9891135e-01   1.7850550e-01   2.4237145e+00   6.0209076e-01  -9.5258472e-02  -6.8514227e-01  -4.8500782e-01   6.0206400e-01  -1.4569878e-01
   2.0000000e+00   6.0615260e-01   5.0427779e-01  -3.5537705e-01   8.5796275e-01  -9.7875281e-01  -7.1578571e-01   7.9359809e-01   5.2687680e-01   5.8104589e-01  -2.2455270e+00
   2.0000000e+00  -2.0870699e-01  -8.5683597e-01  -4.8927792e-01   1.2548785e+00   1.1038874e+00  -6.1842974e-01  -1.2309266e+00  -7.0207726e-01   2.8862450e-02  -9.8708806e-01
   2.0000000e+00   6.3646673e-01   1.0272783e+00   5.0397523e-01  -1.3528190e+00  -4.1788951e-01  -1.3720544e-01   3.8982493e-01   2.4043170e-02   3.9979294e-01   3.5954102e-01
   2.0000000e+00  -2.2096772e+00  -9.6074805e-01  -2.0114341e+00   1.0002373e+00  -3.2229889e-01   1.6788342e+00  -1.8234930e+00   4.7726900e-02  -1.2114303e+00   4.4777201e-01
   1.0000000e+00   6.5206435e-01  -2.9505269e-01   3.0724963e-01   8.8838929e-02   9.4388154e-01   2.5116392e-01  -5.8422045e-01  -5.4879366e-01   1.6275420e+00  -8.5589575e-01
   2.0000000e+00   6.6437911e-01   7.4551217e-01  -3.8384311e-01  -9.4956474e-01   6.3031954e-01   2.1314981e+00  -8.7346982e-02   2.0329788e+00   9.5688603e-01  -2.2297007e-01
   2.0000000e+00  -2.2374703e+00  -2.4355231e-01  -2.3681326e-01  -8.0627419e-02   7.8348661e-01  -4.9595050e-01   9.4419655e-01   5.8683497e-01  -6.6207705e-01   9.9231961e-01
   2.0000000e+00  -2.5475943e-01  -1.3435145e+00  -7.1071606e-01   1.7133130e+00   1.8380798e+00   4.9806152e-02   3.8162438e-02   4.5277747e-01   5.0597323e-01  -4.3481629e-01
   2.0000000e+00   2.7415997e-01   4.4859866e-01  -4.5772209e-01   9.5221622e-02  -4.9402162e-01  -6.3669346e-01   1.4482662e+00   3.8161236e-01  -7.5005189e-01  -1.0547864e+00
   2.0000000e+00   8.7114692e-01   2.1194034e-01  -1.9384526e+00  -1.6076018e-01   2.5002409e-01  -1.2155091e+00  -8.0693289e-01  -9.1123801e-02   5.5545196e-01  -2.0680818e-01
   1.0000000e+00  -1.6613528e+00   3.2953253e-01   8.7200436e-03  -1.8964248e+00   1.0542801e+00   9.6611981e-01  -5.1468904e-01   8.2952912e-01   8.3862383e-01  -6.8937216e-01
   2.0000000e+00   3.0688322e-01  -2.2335330e+00  -5.8704758e-01  -1.0906167e-01   1.7231826e+00   6.4659231e-02  -1.9720215e-01   4.8713320e-01  -9.1325042e-01  -1.5160321e+00
   1.0000000e+00  -6.9616262e-01  -1.5868267e-01   1.4567127e-01   7.9159549e-02  -3.9405007e-01  -4.6942204e-02   3.9197683e-01   3.2537458e-01   4.0147656e-01   3.2984208e-01
   1.0000000e+00   7.8363642e-01   1.2157832e-01   3.8398049e-01   1.4871974e+00  -1.1124047e+00  -3.1101573e-01  -1.3820463e+00   8.6076128e-01  -4.0544476e-01  -3.7156921e-01
   2.0000000e+00  -2.0222804e-01   1.5474366e+00  -5.9471156e-02  -7.4832340e-01   5.5548967e-01  -6.6566403e-01  -4.8256431e-01  -6.4283188e-01  -1.9831749e+00  -1.8547276e+00
   2.0000000e+00   6.3614355e-01   5.7500007e-01   1.0301392e+00   6.0834835e-01  -1.6204207e-01  -9.2113997e-01   1.0111711e+00  -1.7640197e+00   9.8749765e-01   5.0741290e-02
   2.0000000e+00  -2.5730657e-02   1.7622044e+00  -1.7180131e+00   1.9925711e+00  -2.8113300e-02  -6.3812458e-02  -3.4705170e-01   3.5749171e-01   1.5564879e-01   7.9438468e-01
   2.0000000e+00  -1.4539667e-01  -1.8914788e+00   3.3001011e-01   3.0423936e+00   1.4446095e+00  -1.3221305e+00   1.2494543e+00   2.4353743e+00   6.3679902e-01   4.5054896e-01
   2.0000000e+00  -3.0803756e-01   5.8904006e-01   1.0700624e+00   1.4767630e+00  -1.1901143e-01  -5.5444442e-01  -4.8344839e-01   4.7737499e-01   3.0995453e-01  -4.0068379e-01
   2.0000000e+00  -5.0167201e-01   3.9853185e-02  -1.5361346e+00   1.1819848e+00  -1.0594994e-01  -1.0439836e+00  -3.4971628e-01   4.7910702e-01   2.2262329e+00   1.7629425e+00
   2.0000000e+00  -1.4768127e+00   4.1462619e-01   8.5080547e-01   5.0134092e-01   4.5195662e-01  -9.1637340e-02   1.9363715e-01   2.9330428e-01  -6.3307877e-02   7.0929956e-01
   2.0000000e+00   4.9248880e-01   1.1377271e+00   7.1094540e-01   5.1292125e-01  -1.5466179e-01  -3.7355722e-01  -1.0602892e+00   1.1648086e+00   7.2091888e-01  -1.5934278e+00
   2.0000000e+00   8.2631972e-01   7.0700570e-01   1.0376779e+00  -9.5432229e-01   5.2653694e-01   1.0468747e-02   2.4787852e-01  -1.1949752e-02   5.1043580e-01   8.5000223e-01
   1.0000000e+00  -9.4743525e-01  -2.5789399e-01   8.2579533e-01   5.2402600e-01  -1.6853888e-01   1.2293543e-01   8.7355868e-01   9.3159626e-01  -8.1428586e-01  -1.1463889e+00
   2.0000000e+00  -2.2477601e+00   8.3752693e-01  -5.4139191e-01   1.2998543e+00   1.8459185e+00  -1.2946075e-01  -6.3944301e-01  -2.7217177e-01   3.5673799e-01  -2.2423824e+00
   2.0000000e+00   7.3497558e-01   1.2132482e+00  -3.5493079e-01   1.1287827e+00  -1.0057895e-01   5.0566532e-01   2.5350311e-01   1.9273637e-01  -1.2599631e+00   1.1694093e+00
   2.0000000e+00   3.3763746e-01  -2.4769640e+00  -4.2109512e-01   1.7681170e+00   1.1442496e+00  -1.8349092e+00   9.0270822e-01  -6.1351170e-01  -1.0266862e+00  -1.2382338e+00
   2.0000000e+00   5.7099263e-01   1.1328383e+00  -9.0510588e-01  -9.9240457e-01   1.1866641e+00  -1.6814815e+00   1.3654387e-01  -3.0792059e-01  -1.2893530e+00   4.9919247e-01
   2.0000000e+00   1.4608915e+00  -9.0355573e-01   4.7841432e-01   1.0504468e+00  -1.2670479e+00   8.2904368e-01   9.9946506e-01  -7.4170376e-01   1.5116411e+00   2.3076123e-01
   1.0000000e+00  -2.9225207e-01   6.1876116e-01   1.8947114e-01  -8.9308181e-01   1.2839704e+00   1.5615524e+00   1.3928659e+00   1.0305401e+00  -6.3095051e-01  -2.5599294e-01
   2.0000000e+00  -1.0608156e+00  -3.8576704e-01   1.5683196e+00  -3.1820866e-01  -8.9588154e-02   1.2536558e-01  -2.8785533e-01  -9.6117477e-01  -1.6941513e+00  -1.6131385e+00
   2.0000000e+00   8.5149398e-01   1.6000087e+00   3.4234371e-01   1.0382858e+00  -2.2400876e-01  -2.6433491e-01  -1.0042207e+00  -8.3723901e-01   3.9412829e-02  -4.7071546e-02
   2.0000000e+00   6.6391308e-01   1.0617725e+00  -5.6524834e-01   2.3310661e-01  -4.2627805e-01   4.3409770e-01   3.8644382e-01  -5.9095275e-02  -1.6296376e+00  -4.2945382e-02
   2.0000000e+00  -1.0329703e-01   8.1636298e-02  -2.0339988e+00  -1.2847611e+00   5.6212848e-01   1.9347677e+00   1.1259843e+00   1.8669695e+00  -9.6114206e-01   2.6487802e-01
   2.0000000e+00   5.5122723e-02  -1.3534931e+00   1.9146238e-01  -6.1468485e-01   9.2992010e-02  -1.5275505e+00   4.1758952e-01  -5.5869198e-01  -1.2966481e-01  -1.5395548e+00
   2.0000000e+00  -1.7846775e+00  -2.1474132e+00  -3.7721124e-01  -1.4811803e+00  -1.3474613e-01   9.0880138e-01  -4.7968368e-02   5.2154890e-01   4.0142015e-01  -5.4478881e-01
   2.0000000e+00   5.6917683e-01  -1.8092234e+00  -1.1639941e+00   3.2796040e-01  -1.2822772e+00   3.9599980e-01  -1.5139134e-01  -5.8928289e-01  -7.8239087e-01   2.4432440e-01
   2.0000000e+00  -5.8916522e-02   1.2512410e+00   7.3299336e-01   2.7835603e-01   2.0556655e-02  -2.7904393e+00  -2.9205244e-01  -7.4080250e-01   4.7316808e-01   5.6300999e-01
   1.0000000e+00   2.1291450e+00   2.4907090e-01   1.0408987e-01  -6.2332134e-01  -2.0210251e-01  -5.3684625e-01   1.5438507e-01  -1.2924948e+00   6.5839831e-01   9.2510483e-01
   2.0000000e+00   1.2831323e-01  -7.0871173e-01  -6.7210038e-01  -1.1987928e+00  -9.5794455e-01   7.0302007e-01  -1.8915627e+00   1.1552811e+00  -1.0759023e+00   1.6999540e+00
   2.0000000e+00  -2.8802541e-01  -2.3042788e-01  -6.1268440e-01  -6.1174541e-01  -7.2680759e-01  -1.5446029e+00  -3.5625474e-01   1.6175498e-01  -9.4472473e-01  -1.2268864e-01
   2.0000000e+00   3.6266645e-01   1.2574632e+00   3.0287805e-01   2.7034953e-01   2.9391155e-01   1.0507393e-01   2.0204109e-01  -5.6591239e-01  -1.4040507e+00   1.3606524e+00
   2.0000000e+00  -6.2369714e-01   6.1810074e-01  -2.8219834e-01  -1.1671179e+00   8.8292400e-03  -2.1108019e+00   1.1005010e+00  -1.8856418e+00  -7.8175232e-01  -1.1107574e+00
   1.0000000e+00   7.9154058e-01   5.0400352e-01   1.2331278e-01  -8.7894751e-01   2.1920292e+00  -1.3766040e+00  -1.9322594e+00   1.4969863e+00   4.6144612e-01   1.5125486e+00
   2.0000000e+00   3.3010406e-01   2.2904131e-01  -2.4035148e-01   1.7660114e+00   5.6687383e-01   8.5172825e-01  -4.3000734e-01  -2.0434552e+00  -2.8381888e+00  -8.0839134e-01
   2.0000000e+00   9.9816727e-02  -1.0573682e+00  -1.4151480e+00  -9.0008381e-02   6.6591441e-01   1.3134173e-01   1.2740830e+00  -1.0817431e+00   3.8688065e-01  -4.8393094e-01
   2.0000000e+00   7.8556359e-01   1.3178989e+00   1.7498862e+00  -7.5277684e-01  -3.9292360e-01  -7.9816435e-01   5.2258955e-01  -2.3615671e-01  -9.5270541e-01  -8.9754036e-02
   2.0000000e+00   1.2177223e+00   2.8861444e-01  -2.9322604e-01   9.9050916e-01  -1.3260201e+00   2.0877479e-01  -4.5459446e-01   4.6018093e-01  -4.5528564e-01   2.9969506e-01
   2.0000000e+00   5.9910356e-01   1.1098100e+00   1.5182643e+00  -7.6068375e-01  -7.0970933e-01  -2.3439729e-01   8.3377838e-01   8.7526518e-01   6.9637275e-01  -6.3340346e-01
   2.0000000e+00  -1.5307897e-01   2.9654365e-01   1.1532761e+00   2.6537863e-01   8.0677552e-01  -1.8630991e-01  -8.2869527e-01   4.9988250e-01  -2.0835118e+00   4.8540679e-01
   2.0000000e+00   4.8852595e-02  -3.3021501e-01  -1.0281363e+00  -1.0874843e+00  -1.4716141e+00  -1.6785859e+00  -1.2153463e+00   2.4021158e-02   1.1639226e+00  -5.9597015e-02
   2.0000000e+00   8.9833423e-01  -1.1815781e-01  -5.0976506e-01   1.0213326e-01  -1.1880238e+00   3.2993766e-01  -2.8950440e-01  -2.2449560e-01   2.8041844e-01  -1.0695378e+00
   1.0000000e+00  -9.4843994e-01   7.1029204e-01   1.3759576e-01   4.7752701e-01  -5.9062605e-01   1.2408535e+00   2.2851859e-01   1.9322906e-01   1.4059349e+00   3.1251651e-01
   2.0000000e+00  -7.5534527e-03   9.7019501e-01  -1.9489592e-01  -1.4653335e+00  -4.7071199e-01   2.4666912e-01  -1.5946776e+00   8.6713193e-01  -1.1897152e-01   4.9370527e-01
   2.0000000e+00  -7.0950958e-01   8.0943985e-01   1.1782200e+00   8.4369708e-01  -5.4197324e-01   5.1125622e-01   7.4702056e-01  -3.0350495e-01   4.2347252e-01   6.2534320e-01
   2.0000000e+00   3.7287557e-01   6.8430979e-02  -3.1656374e-01   2.4706117e+00   1.5408790e-01  -1.3493724e+00  -6.8891182e-01   2.2292848e+00  -6.4920528e-01  -1.0504843e+00
   2.0000000e+00   3.2317456e-01  -1.0281205e-01  -1.9397395e-01   1.9622314e-01   1.7935551e+00   2.3288448e+00   1.5152705e+00  -5.7565609e-01   1.6968238e-01  -3.0649378e-01
   2.0000000e+00   8.5405697e-01   4.9455159e-01  -3.9078061e-01   8.4621235e-01   1.1155884e+00   3.3053145e-01   8.2850607e-01   1.3253845e+00   9.4140831e-01  -4.5763753e-01
   2.0000000e+00   1.0000792e-01  -4.6243867e-01  -7.8499676e-01   4.9938990e-01   4.7167133e-01  -1.2192328e+00   4.5963937e-01   2.3347394e+00   4.7435111e-01   3.3119692e-01
   2.0000000e+00   6.7281685e-01  -9.3443563e-01  -2.4655841e-01  -1.0602501e+00   1.5117622e-03  -1.4275385e+00   1.4898809e-01  -4.4279455e-01  -1.7507633e+00  -6.8146561e-01
   2.0000000e+00  -7.3215027e-01   1.0469723e+00  -5.0075847e-01   1.7783917e-01  -5.8832781e-01   3.3666333e-01   5.7512384e-02  -1.7084124e+00  -1.0257241e+00   6.5373294e-01
   2.0000000e+00   7.4687226e-01   2.5800722e-01   1.3272908e+00   4.6159891e-01   5.6944132e-01  -1.3550929e-01   2.0528333e+00  -4.9373622e-01   2.0419891e-01  -1.0759676e+00
   1.0000000e+00  -9.0808366e-01  -7.6723579e-01   4.6348565e-01  -1.5895224e+00  -3.1425492e-01  -7.3023658e-01  -1.0628269e-01   1.0179766e-01   6.7512294e-01  -2.5858123e-02
   2.0000000e+00  -3.2811510e-01   1.9288876e+00   3.9144554e-01   3.3367415e-01   4.1284339e-01   4.6555567e-01  -2.5489359e-02  -9.1071044e-01  -6.4884872e-01  -3.4184966e-01
   2.0000000e+00   1.1246512e-01  -2.0489215e+00   2.5044055e-01  -3.3253864e-01  -2.0202337e+00   3.2950941e-01  -1.0971755e+00  -4.8579355e-01   1.1434059e+00  -6.8656699e-01
   1.0000000e+00  -9.5007636e-01   3.9343642e-01   1.2733665e-01   3.5424853e-01   8.3516282e-01  -1.4103985e+00   1.4278890e+00  -5.2668941e-01   1.2151550e+00  -1.5549993e+00
   2.0000000e+00  -4.6872064e-01   2.2127448e+00  -1.1963379e+00   8.9255054e-01  -6.5213579e-01  -4.8483905e-01   5.7191514e-01  -8.6298676e-01   7.7211946e-01   1.7574306e-01
   1.0000000e+00  -1.2931919e-01   2.9142944e-01   4.0198820e-01   1.1226543e-01  -2.3556431e-01   3.8080633e-01   1.3000188e+00  -9.0726621e-01   1.2138731e+00   3.7321097e-01
   2.0000000e+00  -6.8230922e-01   6.5731216e-01   1.1578368e+00  -6.6007258e-01   6.9854569e-02  -6.8908263e-01   9.4759407e-01  -1.3423414e+00  -1.5442672e+00  -6.3985966e-01
   2.0000000e+00  -2.0569614e+00  -1.9463526e-01  -8.1449193e-01  -7.0956676e-01   2.0605230e-01   1.7749534e+00  -9.1108716e-01   7.4376394e-01  -1.7167593e-01  -7.4439173e-01
   1.0000000e+00  -4.7461941e-01  -8.0607774e-02   7.2226131e-01   4.4444860e-01  -4.5476935e-01  -6.5771755e-01   1.3376518e+00  -6.0780160e-01   1.1121921e+00  -1.5531312e-01
   1.0000000e+00   1.5877017e-01  -3.1199374e-01   7.4131141e-01  -1.4795801e+00   2.8508659e-01   3.0119228e-01  -7.0241754e-01  -6.4847209e-01  -5.0015728e-01   2.2845347e-01
   2.0000000e+00  -1.7898907e+00   8.2602956e-01   2.0241228e+00   1.0021138e+00   1.4013740e+00  -4.5801813e-02  -7.5417741e-01   1.3258756e+00  -3.0358867e-02  -4.7684454e-01
   1.0000000e+00   8.6493599e-01   5.3964166e-02   2.7793027e-01   5.7651227e-01   6.1914710e-02  -2.3594178e-01   9.8446151e-01   1.6878436e+00  -3.7189364e-01   1.2151995e-01
   2.0000000e+00   4.3988048e-01  -1.3872218e+00  -7.2830347e-01   1.0508576e+00  -1.7727769e-01  -3.1498433e-01  -6.1013646e-01   7.2418447e-01   1.6511119e-01   4.0633379e-01
   2.0000000e+00   1.1968525e+00   1.5452358e+00  -1.6298860e+00  -6.7640222e-01  -1.0521397e+00  -1.3761133e+00  -1.0894253e-01   9.8517374e-01   8.4082143e-01   5.7275805e-01
   1.0000000e+00   8.1820433e-01   6.1875651e-01   3.2700450e-02  -7.4851844e-04   5.7403254e-01   5.3511369e-01  -1.2731962e+00   5.6823706e-01   3.1311094e-01  -2.1893069e+00
   2.0000000e+00   5.4135847e-01  -7.6078332e-01   1.2932725e+00  -1.1994261e+00   1.0368209e+00   3.9122140e-02  -1.9551943e-01   5.3491110e-01  -5.6242442e-01  -1.1981022e-01
   2.0000000e+00  -8.8449895e-01  -1.1199575e+00  -6.3699632e-01   3.9804178e-01  -1.0502736e+00  -7.7854650e-01   4.0705392e-01  -1.5895501e+00  -1.5742044e+00   2.1342053e-01
   2.0000000e+00  -9.7714316e-01  -8.0088472e-01   2.9353940e-01   2.3013888e+00   7.3220751e-02  -1.0574845e+00   1.5030012e+00   1.1247701e+00   1.1161641e+00  -8.1717909e-02
   2.0000000e+00   1.4338689e-01  -1.2727554e+00   7.3998076e-01   9.2997238e-01   3.3271298e-01  -6.8838405e-02   2.1584177e+00   2.0247879e-03  -1.9030120e+00   9.3327214e-01
   1.0000000e+00   1.1088447e+00   2.4361290e-01   5.6005839e-01  -1.4200971e+00   1.9784214e+00   2.6651260e-02  -1.5576472e+00   9.5524879e-01   1.5006090e+00   5.4061277e-01
   2.0000000e+00  -2.0761765e-01   6.7720308e-02   1.0567852e+00  -2.5823147e-02  -4.7414594e-01   1.4747990e-01   4.3818803e-01  -2.4130048e+00  -2.0010338e-01   2.2401580e-01
   1.0000000e+00   8.4290794e-02   6.6257837e-01   3.7404683e-01   1.3795849e+00   4.8881654e-01   1.8124882e+00   3.6390132e-02  -1.2100618e+00   1.0521491e+00  -4.1256198e-01
   1.0000000e+00   2.2342501e-01   7.0098701e-01   1.4572791e-01   3.0738556e-01  -1.9713432e-01   4.0469956e-01  -1.1508302e+00   1.3613819e+00  -1.9319104e+00  -9.1277365e-01
   2.0000000e+00   1.3520774e+00  -7.2777618e-01  -1.7478337e+00  -1.0222185e+00  -1.2825120e+00   3.1646524e-01  -8.1557434e-01   6.8924118e-01   3.4712947e-01  -2.7199408e+00
   2.0000000e+00  -8.1739144e-01   1.6405017e-01  -1.3883965e-01  -3.6762653e-01  -6.0548319e-01  -5.4600458e-01   8.3729135e-01  -7.5577307e-01  -4.4762327e-02  -3.4358267e-01
   2.0000000e+00  -6.1711282e-01   6.4122929e-01  -2.2642959e+00  -5.4288677e-01   2.8450651e-01  -6.7026703e-01  -9.2524509e-01  -5.7398750e-01   1.2879344e-01   1.2237741e-01
   2.0000000e+00   3.5497961e-01  -7.1091647e-01   2.3242460e+00   3.2450850e-01  -7.9317313e-01   9.9034717e-01   5.9431329e-01   1.5944954e+00   4.5078148e-01   1.5091643e-01
   2.0000000e+00  -6.0849822e-01   1.5527764e+00  -1.1070179e-02  -1.2107989e-01   1.0660514e-01   5.2811328e-01   1.3666994e+00  -4.1452455e-01   4.6185514e-01  -9.6212559e-01
   2.0000000e+00  -5.3960032e-02  -1.3254036e+00   3.6896259e-02   6.9959860e-01   4.6141447e-01  -1.1461419e+00  -1.6539397e+00  -5.0667786e-02   3.5336903e-01  -3.2478431e-01
   1.0000000e+00  -1.9068097e-01   2.3291888e-01   3.2608689e-02  -6.5765172e-02   9.1928129e-01   6.3941795e-01  -9.1740919e-01  -1.1471049e+00   1.6535642e+00   8.2934367e-02
   2.0000000e+00   5.7251820e-01  -2.5084069e+00   1.2149803e+00  -2.8569280e-01   2.0225417e+00   1.5408698e+00  -1.4813818e+00   3.2125451e-01   6.6928839e-01   1.2737922e-01
   2.0000000e+00  -1.8399196e+00   1.7182771e+00   1.6996265e+00   3.5678565e-01  -1.0006130e+00  -3.3603763e-01   1.0529849e+00  -1.6503937e+00  -2.2060493e-02   1.4850290e+00
   1.0000000e+00  -4.0534514e-01  -1.8668888e-01   4.7786003e-01  -1.9656468e-01   1.8370768e-01   2.0143290e-01  -1.2356829e+00  -4.0128874e-01   1.1783970e-01  -8.3460642e-01
   2.0000000e+00  -2.2047244e-01   1.4490637e-01   1.1111956e+00   2.3817738e-01   1.9015873e+00   3.8837485e-01   7.6208343e-01   1.2006099e+00   1.2285756e-01   2.0565188e-01
   1.0000000e+00  -2.9042199e-01   8.5536821e-01   1.1700936e-01  -1.1319681e+00   1.1572802e-01   6.3133961e-01  -3.0953415e+00   6.2929677e-02   7.4882286e-01  -2.0117601e-01
   2.0000000e+00  -4.7311568e-02   5.0638838e-01   8.0615103e-01   1.0710734e-01   2.0171480e+00  -7.8467925e-01   1.4260262e-01   3.3647916e-01   3.7452500e-01   1.0914922e+00
   2.0000000e+00  -3.6922032e-01   4.0328937e-01  -3.4482541e-02  -1.6530066e-01  -4.8902275e-01   1.8037585e+00  -7.0733920e-01   9.9889199e-02   1.2190088e+00   2.4277708e-01
   1.0000000e+00   3.4562816e-01   3.9251998e-01   3.5330606e-01  -2.6161075e-01  -1.2567527e+00  -3.0450309e+00   6.1976237e-01  -1.3202140e+00  -5.7536405e-02  -9.8563042e-01
   2.0000000e+00  -2.4564096e+00   1.0475026e+00  -9.2511422e-01   7.6698562e-01   8.5410788e-01   2.2295357e-01   5.2657148e-01   9.8788458e-01   9.4640450e-01   3.6307631e-01
   2.0000000e+00  -2.7200267e-02   2.5395612e-01  -3.1952159e-01  -9.5345149e-01  -5.0266352e-01  -8.2473389e-01  -2.5208070e-01   1.9482627e+00   1.8870361e+00   1.4263737e+00
   1.0000000e+00   2.0332536e+00   6.2991402e-01   5.8492132e-01  -8.0548901e-01  -8.5912853e-01  -1.2706940e+00  -7.2771387e-01  -7.5534572e-01   9.6723246e-01   5.8450806e-01
   2.0000000e+00   1.0392121e+00   1.0990784e+00   3.2620604e-01   1.6220019e+00   1.3198123e-01  -2.0593881e+00  -2.1197722e-01  -6.7853322e-01  -5.6597347e-01   7.8495743e-01
   2.0000000e+00   3.4151069e-01   4.8239941e-01  -1.2570866e+00   8.2174084e-01   8.6359195e-02  -4.8348021e-01   7.2405717e-01   1.0938867e-01  -4.9125742e-01  -1.8583873e+00
   2.0000000e+00  -6.7972179e-01  -6.8407114e-01  -6.4163863e-01  -5.7727510e-01  -3.1534291e-01  -4.3511287e-01  -3.7383344e-02   4.5949629e-01  -7.3724530e-02  -1.6842569e-01
   1.0000000e+00   1.7367075e-02  -7.8703406e-02   6.1770703e-01   1.6555748e-01   2.5522000e-02   8.6752167e-01   1.2957611e+00  -7.5117301e-01   4.8187744e-01   1.1422541e+00
   2.0000000e+00  -1.1136537e-01  -1.5997794e+00   2.4152832e+00  -5.2211396e-01  -1.0194493e-01  -4.1110578e-01   5.5014657e-01  -6.2851544e-02  -4.0445305e-01  -7.8239058e-01
   2.0000000e+00   7.5601219e-01  -6.8101198e-01   1.1743953e+00   1.5571874e+00  -1.4908794e+00  -1.4586418e+00   2.9791881e-01   1.3583788e-01  -1.4287046e+00   5.6839585e-02
   2.0000000e+00  -1.9054208e-01  -1.7510726e+00  -6.5109339e-01   5.9327662e-01   1.1967215e+00   4.7639289e-01   1.1973268e+00   8.1482121e-01  -5.4342057e-02  -1.0564984e+00
   2.0000000e+00  -1.1636745e-01  -1.3713990e+00   7.3277250e-01  -3.6155202e-01  -4.2318031e-01   3.9158478e+00  -4.4418641e-01  -1.7463600e+00   2.7943064e-01   6.4492918e-01
   2.0000000e+00  -8.8206725e-01   1.2124679e+00  -7.6245997e-01  -1.1008381e+00  -1.0639002e+00  -7.9987973e-01   1.1757345e+00   6.2155491e-01   1.0455092e+00  -1.2820113e+00
   2.0000000e+00  -5.9291088e-02  -3.2559965e-02  -4.5010095e-02   2.2742977e-01   2.3133701e+00  -1.1282149e+00  -4.0399798e-01   1.2957334e+00   4.2163373e-01   3.5173800e-01
   2.0000000e+00  -8.9671023e-01  -1.3433359e+00   2.3474416e+00   9.1468900e-01  -8.6757131e-01  -2.6881312e+00   1.2026061e+00   1.2467701e+00   4.0315198e-01   1.4906997e-01
   2.0000000e+00   2.4557775e-01   1.7121555e+00  -3.9032562e-01  -1.9401935e+00   5.1227666e-01   1.4587110e+00  -3.5326434e-01  -8.2400147e-01  -5.9795944e-01   5.2196016e-01
   1.0000000e+00   2.1259807e-01  -3.8514941e-01   7.2681743e-01  -3.2018537e-01   1.1105712e-01  -3.4863690e-01   7.9471149e-01   1.3394576e+00  -8.1854858e-01  -3.7263562e-01
   2.0000000e+00  -1.9358979e+00  -1.0194876e+00   1.4613451e-01  -6.2390316e-01  -5.3465051e-01   2.4588227e-01  -1.8892806e+00   1.8035175e+00   1.1584069e+00   4.3247466e-01
   2.0000000e+00   2.7694346e-01   1.7514303e+00  -7.3811957e-01   8.1962897e-01  -1.5394120e-01  -7.1642137e-02  -5.0052832e-02   3.8518627e-01   3.7632082e-01   3.0294668e-01
   1.0000000e+00   2.4811319e+00  -6.5794315e-02   7.5299517e-02   1.6067867e-02  -1.8824717e+00   6.9776627e-01   3.7115109e-01   1.0043223e+00  -1.3983809e-01  -5.1320676e-01
   2.0000000e+00   1.6328812e+00  -2.6825970e+00   1.5663820e+00   7.2871461e-02   1.6855312e+00  -1.1167157e+00   1.2720495e+00   8.1802290e-01   6.4179255e-01   1.6693860e-01
   2.0000000e+00   1.0937056e+00   1.4776508e+00  -1.8418984e-01  -2.0710996e-01  -2.0394669e+00   1.1230619e-01  -1.0406537e+00   2.9198589e-02  -5.8019591e-01  -1.0706699e-02
   2.0000000e+00   8.3173584e-02  -1.1653858e+00   1.6908732e-01   1.5019038e-02   2.3596772e-01   5.7462103e-02  -1.4697912e+00  -2.1115034e-01   9.2143009e-02  -2.8654726e-01
   1.0000000e+00  -3.9256848e-01  -4.7323662e-01   4.7899375e-01   1.4438993e+00   5.6739626e-01   2.0492899e-01  -1.0089211e+00   6.6936036e-01   7.0343505e-01  -3.5545604e-01
   2.0000000e+00  -1.7518880e+00  -4.8801141e-01  -1.3734757e-01   2.7732143e-01  -1.4240956e+00  -6.7007821e-01  -3.1644232e-02   9.1756351e-01  -2.2856389e-01   5.3443205e-01
   2.0000000e+00   7.7173694e-01  -8.6366962e-01  -6.3238354e-01  -1.4834777e+00   1.8783484e+00  -5.9478765e-01   2.7562348e-01  -2.0622546e-01  -5.6813908e-01   5.9302979e-01
   2.0000000e+00   8.2213953e-01   7.9208562e-01  -1.1144688e+00  -6.8139006e-01   1.8333615e+00  -4.3868159e-01   1.2605783e+00   6.8876181e-02  -5.2536061e-01  -1.0871315e+00
   2.0000000e+00   5.2504223e-02  -1.2716297e+00  -8.0315412e-01   8.2661390e-02  -6.1822409e-01   9.1164937e-01   1.0922023e+00   4.7819405e-01  -8.1860623e-02   6.0107526e-01
   1.0000000e+00  -1.2060860e+00  -2.5188635e-01   5.8716724e-01  -1.5132929e+00  -1.0723889e+00   9.1474503e-02   3.7077270e-01  -1.5194932e+00  -2.5903278e-01  -9.3287974e-01
   2.0000000e+00   2.0301558e+00  -7.7061999e-01   5.9488176e-01  -4.9683414e-02  -4.2158466e-01   1.6790786e+00   1.4889757e+00  -2.7160380e-01   5.6125303e-01   6.9218118e-01
   2.0000000e+00   5.6912727e-01  -1.2644215e-02   1.2137763e+00  -5.4772319e-01  -3.7023483e-01  -6.7671918e-01  -1.6631872e-01   9.1476532e-01  -2.1817148e+00   5.5114791e-01
   2.0000000e+00   1.7608379e-01  -1.9938999e-01   1.5177768e-01  -2.2019477e+00  -8.1244080e-01  -6.0188856e-01   1.0197288e+00  -1.2763214e+00   1.6584562e+00  -8.4310047e-01
   2.0000000e+00  -6.2734118e-01  -4.6018778e-01  -2.1989227e-01   7.7315765e-01  -6.0428554e-01   1.2257298e+00  -1.1647659e+00   1.6069428e+00   2.9470133e-01   5.0475789e-02
   2.0000000e+00   9.8580315e-01  -2.5290227e+00  -3.4006698e-01   1.1012179e+00   2.5912941e-02  -8.6813252e-01   5.6299665e-01   9.6003979e-01   6.6048990e-01   1.6620142e+00
   2.0000000e+00  -1.9115213e-01  -2.8556147e-01  -4.5968478e-01  -3.2548248e-02   1.5272460e+00  -7.0195718e-01   1.7248671e+00  -1.5604730e+00  -1.6713344e-01   9.7570956e-01
   2.0000000e+00  -2.4804168e+00  -8.2107781e-02   1.5952025e+00  -9.1938951e-01  -4.3365909e-02  -1.2128469e-01  -4.7124055e-01  -8.5295214e-01  -6.5538407e-01  -7.3699063e-01
   2.0000000e+00   5.3384595e-01   8.3193705e-01  -1.4366467e+00  -9.0888630e-01  -1.0293572e+00  -3.6748752e-01  -4.0692771e-01   1.3494068e+00   7.2228099e-01   3.0886802e-01
   2.0000000e+00  -2.5860695e-01   7.8559133e-01  -3.8630559e-01   1.3073368e+00  -1.7983390e+00   1.8116853e+00  -3.7091195e-01  -6.0914724e-01   9.0402547e-01  -1.8205517e+00
   2.0000000e+00   1.4843198e+00   3.4857503e-02  -4.8813906e-01  -9.9972132e-01  -1.0831092e+00   8.2779659e-02  -1.9940743e+00  -9.7983333e-01   7.0151426e-01  -1.1873987e-01
   2.0000000e+00   2.0464032e-01   9.8883296e-02  -1.1558213e+00   9.9762654e-01  -1.1974942e+00   2.1843808e-01  -6.2534547e-01  -8.8071006e-01   2.1036552e-01   6.7262902e-01
   2.0000000e+00   1.0697884e-01  -6.0138550e-01  -6.4215169e-01   9.8354912e-02  -2.3930271e-01   4.2600953e-01  -2.8259924e-01   1.2672229e-01   9.5590982e-01  -5.2064033e-01
   2.0000000e+00  -5.1715757e-01   1.8172054e+00  -2.0772477e-01   1.1108160e+00  -1.3064319e+00  -6.5481905e-01  -1.9111244e+00   6.5700347e-01   1.3185603e+00   1.2234544e-01
   2.0000000e+00   1.9264936e+00  -2.3512476e-02  -1.4906605e+00  -1.9584762e-01  -7.1930182e-01  -1.7721634e+00  -1.2723474e-01   4.2820453e-01  -1.8710528e-01   8.3455622e-01
   2.0000000e+00  -1.0170150e+00   8.8366331e-02   8.9809997e-01  -2.0891678e-01  -3.1885066e-01  -1.6099192e+00   2.3684241e-01  -3.9396088e-01  -8.3240354e-02  -6.0369927e-01
   1.0000000e+00  -1.6396010e+00   3.6528717e-01   4.4206192e-01  -1.4931103e-01   1.2226687e+00   4.1077459e-01   2.4589904e-02  -1.7000081e-01  -2.2810099e-03  -2.2051810e-02
   2.0000000e+00  -2.9373329e-01   4.1295013e-01   9.3146524e-01   4.5776706e-01   1.4825949e+00   2.7100877e-01  -5.5370371e-02  -1.1752665e+00  -2.8064400e-01  -1.6125029e+00
   2.0000000e+00  -1.8328025e+00   5.7232179e-01   1.1986552e+00  -5.0755075e-01  -1.7815207e+00  -3.1635265e-01   6.7381077e-01   1.1954095e-01   9.4380484e-01  -1.5527281e+00
   2.0000000e+00   9.7153112e-03  -5.8982619e-01  -9.8245007e-01   6.4125590e-01  -7.0676905e-02   1.1155481e+00  -1.3995735e+00   3.6564527e-01   2.2051053e-01   4.9852610e-02
   2.0000000e+00   2.6675292e-01   1.7388085e-01  -6.7182026e-01   8.0039229e-01  -5.6849641e-01  -1.5831175e-01   1.4158327e+00  -1.0270680e+00  -6.3867583e-01   1.6369140e+00
   2.0000000e+00  -1.1582501e+00   3.1454287e-01   1.1258785e+00   2.0108409e-01   1.3116529e+00   8.2694832e-03   1.3795969e+00   4.1510872e-01  -1.2051453e-01  -1.4113631e-01
   2.0000000e+00  -6.3884737e-01   9.6694306e-01   4.9302739e-01   9.0704934e-01   1.4056127e+00   7.2561776e-01  -1.2186935e+00  -8.3418633e-01  -3.0563284e-02   1.1674221e+00
   2.0000000e+00   2.1456247e-01   1.1969115e+00  -1.0700124e+00  -3.2513280e-01   2.4379649e+00   2.0525039e-01   6.0980718e-01  -4.9207937e-01   6.9319478e-01   8.2652860e-01
   2.0000000e+00   1.0915978e+00  -6.5359692e-01  -2.0583730e+00   1.4473721e-01   5.4308713e-01   1.2261026e-02  -1.0505042e+00  -3.5648510e-01  -1.2619674e-01   1.1610004e+00
   2.0000000e+00  -1.4272860e+00   1.0756667e+00  -2.9971609e-01   1.5091340e+00  -3.8394973e-01  -1.4449133e-01  -1.1807145e-01  -1.0393409e+00   1.3033732e+00  -1.4850168e+00
   2.0000000e+00   1.2377296e-01   7.6204450e-01  -1.8974386e+00  -2.3615395e-01   1.4195288e+00  -5.7380847e-01  -1.1542058e-01   1.2035203e+00   1.2567468e+00   1.0478419e+00
   2.0000000e+00  -3.4603960e-01   5.6670754e-02  -5.7179581e-01   1.0246664e+00  -5.8622849e-01   8.3667219e-01   1.5765823e+00   7.3662295e-01  -2.1129621e-01   8.2705422e-01
   1.0000000e+00  -1.8678110e-01   7.2406427e-01   1.6764488e-01  -1.3879643e-01   1.2457643e-01   1.2290299e+00  -1.0478476e+00  -7.9665715e-01   1.9807188e-01  -1.3443796e+00
   2.0000000e+00  -9.2764598e-01   5.7500002e-01  -2.1545522e+00  -4.2046790e-01   3.3053479e-01  -2.9109384e-01  -1.9733698e-01  -1.3528245e+00  -1.1189004e+00   2.0579653e-01
   2.0000000e+00   3.0154315e-01   8.5959680e-01  -2.1285818e-01   7.0006503e-01   1.2661084e+00  -4.6394127e-01   3.3864086e-01  -5.4354556e-01  -1.4808500e-01   5.4496227e-01
   2.0000000e+00   1.2150714e+00   2.9467102e-01   9.6722421e-03  -2.2677486e+00  -5.5842840e-02  -1.2330691e+00  -1.0202746e+00   4.0778939e-01  -8.6349227e-01   1.6376989e-01
   2.0000000e+00  -1.3509804e+00  -1.3250577e+00  -7.9616200e-01   4.9752150e-01  -1.8260810e+00  -1.6929549e+00   1.2567460e+00  -3.1036834e-01   9.6289725e-01   6.4065391e-01
   1.0000000e+00  -2.8107647e+00   1.6915436e-01   1.9477719e-01  -2.6037988e-01  -2.4942478e-01   4.5416114e-01   3.3501562e-01  -1.0598129e-01  -1.9050875e+00  -2.3608900e+00
   2.0000000e+00   5.3994124e-01   6.5342616e-01  -1.7682072e-01  -2.4920553e-01  -6.3975108e-02   1.5663591e+00   9.5826414e-01  -6.4763607e-01  -6.4725853e-01   6.2877245e-01
   2.0000000e+00   1.6805359e+00   1.4466599e+00   8.8111490e-01  -3.1797070e-01   1.3380747e+00  -1.8552400e-01  -3.6699540e-01   5.8186122e-02   5.1998814e-01   1.2296091e+00
   2.0000000e+00  -5.1106450e-01  -5.3386956e-01  -1.6671004e-01   6.5775050e-01   9.3915966e-01   1.4683950e+00   8.2441237e-01   2.6985341e-01  -1.6718592e+00  -5.2680096e-01
   2.0000000e+00  -2.4106046e-01   1.0068264e+00   1.1973569e-01   1.1944046e-01  -1.0082191e+00  -2.4666551e-01  -8.2411187e-02   1.5174341e+00  -4.7310874e-01   3.1155388e-01
   1.0000000e+00   6.6828917e-03   7.9712789e-01   3.0974445e-01  -1.0247140e+00  -2.9834113e-01   4.5734002e-01   8.9607878e-01   1.6932950e-01  -7.6258913e-02   2.9893304e-01
   2.0000000e+00  -4.7639876e-01   1.3538971e+00  -8.9281298e-01   9.6240821e-01   1.8588775e+00  -4.2730804e-01   9.6042048e-01   1.7766635e+00  -9.7526397e-01   5.1697787e-01
   2.0000000e+00   2.0539195e-01   9.8693789e-01  -3.0769285e-01  -8.3014248e-01  -2.0754002e+00  -6.4041138e-01  -8.6186524e-01  -1.5487695e-01  -1.7034305e+00  -4.7658781e-01
   2.0000000e+00   6.5656976e-01   1.1506005e+00   1.6613962e+00   1.0246774e-01   2.5473817e-01  -9.8820598e-01  -8.7032774e-02   7.6923900e-01  -4.1890937e-01   5.0457808e-01
   2.0000000e+00   1.4179953e-01   3.7402742e-01   1.1793993e+00  -1.0175153e+00  -6.4237474e-01  -1.7134784e-01   3.0861184e-01   3.4509676e-01  -2.8958170e-01  -5.8221287e-02
   2.0000000e+00  -1.1223828e+00   5.6241260e-01  -1.9156695e+00  -1.8746033e+00   1.6757528e-01  -1.6330280e-01  -9.9756197e-01  -6.6701509e-01  -1.1446077e+00  -5.9245774e-01
   2.0000000e+00   7.3283471e-01   3.4707066e-01  -2.3186461e-01   1.3316192e-01   1.0836045e+00   1.6174061e+00  -5.5044659e-01   1.0715565e+00   5.7322097e-01   1.2480752e+00
   2.0000000e+00   7.7568372e-01   8.8221536e-01  -9.4891532e-01   5.1519233e-01   6.9596201e-01  -4.1398945e-01  -3.8785447e-01   2.3229705e+00   5.0428267e-01   1.7634717e-01
   2.0000000e+00   9.4115547e-01   1.2094250e+00   1.1151416e+00   1.7108239e-01  -5.7224100e-01   5.1713974e-01   1.5642635e+00   6.1758822e-03   2.0184227e+00   4.7544932e-01
   2.0000000e+00   1.4711485e+00   2.2094026e-01  -1.3964020e-02   6.4286369e-02  -1.9708256e+00  -1.3141299e+00   4.7443295e-01  -7.8385086e-01  -1.2759866e+00   4.3954743e-01
   2.0000000e+00  -2.9563804e-01   2.2314269e+00  -2.4499649e+00  -1.1196343e+00   4.0469047e-01  -4.2722060e-01   1.3684185e+00   5.7777010e-01  -1.5133965e+00  -7.3905732e-01
   2.0000000e+00   4.3084302e-01   1.9207826e+00  -1.3581581e+00   3.5778109e-01  -9.6171380e-01   7.8652620e-02   7.2632979e-01   8.0416066e-02  -6.9922438e-01   1.7469611e+00
   2.0000000e+00   9.3339211e-01  -1.3577357e-01  -7.1978087e-02  -4.6240988e-01   6.8658069e-01  -8.2993551e-01   2.3742305e-01  -1.4218748e+00  -5.0294847e-01  -4.0801679e-01
   2.0000000e+00   2.8938616e-01   6.0926509e-01  -6.8584037e-01  -4.9986603e-02   1.4152290e+00   1.4605886e+00  -2.3013148e+00   2.3829402e-01  -1.2490648e+00   8.9417535e-01
   2.0000000e+00  -3.7037678e-01   8.3745896e-01   1.0615220e+00  -8.6977993e-01   2.4160561e-01  -1.1656329e+00   1.5595512e+00   6.0618292e-01   8.1816640e-01   6.6915009e-01
   2.0000000e+00   1.1531977e+00   4.7861698e-01  -6.9544980e-01  -8.2229211e-01  -7.7564645e-01   1.0605940e+00  -1.9080691e+00   1.1087976e+00  -6.3726810e-01  -8.0645953e-01
   2.0000000e+00  -1.7461175e+00   2.0857321e+00  -1.2137903e+00  -1.1688640e+00  -1.7420200e+00   6.1759756e-01   8.1142734e-02   6.9471042e-02  -5.4380980e-01   2.0637464e-01
   2.0000000e+00  -1.1694970e+00  -9.6960628e-01   5.1221803e-02  -6.1350129e-01   1.0306491e+00  -5.3429467e-01  -2.2774820e-02  -9.0962915e-01   5.0163089e-01   3.8362543e-02
   2.0000000e+00   5.3708576e-01   1.5777694e+00  -1.0036038e+00  -6.1854609e-01   6.1759686e-01  -3.0956575e-01   6.5854243e-01  -6.0371822e-01   1.7641858e+00   7.2687157e-02
   2.0000000e+00   3.9136779e-02   7.4609144e-01   5.2300570e-01   1.6705212e-01  -1.1797785e+00   1.2422435e+00  -1.2794812e+00  -1.2930684e+00  -1.4001327e-01  -8.6758486e-01
   2.0000000e+00   1.8914521e-01  -8.7360640e-01  -1.3757823e+00   8.2559727e-01  -1.9789991e+00   4.9166452e-01   5.7818476e-01  -5.8693926e-01   3.5490544e-01   4.8916681e-01
   2.0000000e+00  -1.2895522e+00  -1.1725533e-01  -5.6539152e-02   5.2246105e-01  -8.6336266e-01  -1.6488547e+00  -8.8111895e-01   2.2613158e+00   4.8754158e-01   1.3403206e-01
   1.0000000e+00  -1.1546534e+00   2.2554993e-01   6.8521685e-01  -1.6378716e-01   9.7278757e-01   7.9875167e-01  -2.1010066e-02  -1.7241298e+00  -9.2766321e-01   1.1415515e-01
   2.0000000e+00  -7.5063447e-01  -1.1804355e+00  -8.6832726e-01  -2.3119699e+00  -7.7725229e-01   6.0499605e-01  -4.0949006e-01  -9.2465167e-01  -5.1252581e-01   1.1962873e+00
   2.0000000e+00  -1.8242860e+00  -4.6510387e-01  -1.2134107e+00   9.5108034e-01   7.8608958e-01   1.0148815e+00   1.1286571e+00   1.4679833e+00  -1.4416959e-01  -2.4353211e+00
   2.0000000e+00   1.0207163e-01   2.6565565e-02  -6.3823920e-02   2.3223292e-01   1.0329402e+00  -5.4747819e-01   4.9051600e-01   1.0674403e-01  -1.2454513e-01   1.2490827e-01
   2.0000000e+00   4.3244413e-01  -2.4622060e+00   9.3024911e-01   4.2822053e-01   5.7098157e-01  -9.4185552e-01  -3.6186002e-01   8.7655183e-01   2.9194936e-02   6.1305983e-01
   1.0000000e+00   4.6960214e-01  -7.5815784e-01   2.5205913e-01  -7.3410506e-01   6.1368106e-01   1.4257661e+00   7.2120761e-01  -7.0881025e-01   2.2493190e-01  -1.3724746e+00
   2.0000000e+00  -9.1423547e-01   7.6572237e-01  -5.0629363e-01   7.9147905e-01  -1.1381427e+00  -9.3110795e-01   9.4131704e-01  -1.3718667e+00   1.9971700e+00  -4.6215922e-01
   2.0000000e+00  -5.0812716e-01  -9.8092611e-01  -8.7897956e-01  -2.4500863e-01  -6.9990248e-01  -3.6736122e-02  -4.0047192e-01  -4.8575242e-03  -8.7795667e-01  -3.3922205e-01
   2.0000000e+00   9.7018771e-01  -1.8078266e+00  -1.1740418e+00  -5.1245325e-01   9.5475015e-01  -8.5825919e-02  -3.8864541e-01   4.4633982e-01  -9.9182720e-02   1.1006133e+00
   2.0000000e+00  -9.0226040e-01  -2.0689636e+00   9.6443591e-01  -1.6690812e+00  -5.5342723e-01  -1.1017675e+00  -1.9284929e-01   4.2225182e-01  -1.5273045e+00  -3.0829218e-01
   2.0000000e+00  -1.2683796e-01   2.0150028e+00  -1.0571939e+00   5.5131976e-01   8.6873424e-01  -1.0571677e+00  -1.8077196e-01   1.6574908e+00  -1.2092936e-01  -2.9666790e-01
   2.0000000e+00   2.2208937e+00  -2.0415069e+00  -2.3050517e+00  -1.4356533e+00   3.6782784e-01   8.0700753e-01  -7.8867952e-01  -1.0547658e+00  -2.9778788e-01  -1.5950168e+00
   1.0000000e+00  -2.0065390e-01   1.0881906e-01   1.3329728e-01   2.4996103e-01  -2.8772003e-01  -2.0148163e+00  -3.8060134e-01   3.1082895e-01   8.3213458e-01  -1.3430049e+00
   1.0000000e+00   5.9799553e-01  -4.7556851e-01   5.3867812e-01   1.8334004e+00  -1.2455041e+00   2.2191058e-01  -1.2786217e+00  -9.5403590e-01  -1.1793329e+00   3.8096559e-01
   2.0000000e+00   4.5715595e-01  -9.8633445e-01  -5.3357955e-01  -1.9667290e+00   1.6087086e+00   1.6346850e-01  -7.0586472e-01   1.4294296e+00  -6.3948646e-01  -1.5798137e+00
   2.0000000e+00   2.9473703e-01  -2.2035205e+00   1.5837280e+00   1.4618568e+00   3.0078681e-01  -7.8226802e-01   5.7712661e-01   3.5346920e-01   5.9626109e-01   1.1212072e+00
   1.0000000e+00  -4.5556902e-01  -1.5370178e-01   8.1578389e-02  -1.0497510e+00  -4.4417323e-01  -8.9580699e-01  -7.1296292e-01  -4.2782951e-01  -1.1774193e-02  -9.1277566e-01
   2.0000000e+00   4.3739149e-01   1.3718493e+00   2.1681709e-01   1.8629083e+00   1.5735438e-01  -1.6013500e+00   1.1295071e+00  -5.8614204e-01  -3.3353832e-01  -9.2230736e-01
   2.0000000e+00  -7.0519635e-01   1.1366924e-01  -8.6397655e-01  -1.7569396e+00   1.0978337e+00   1.3518769e+00   5.5654397e-01   1.8158744e+00   3.4152590e-01   5.1752868e-01
   2.0000000e+00   2.3425993e-01  -4.5326640e-01  -1.0674881e+00  -4.6093112e-01   2.4013786e+00   2.2602163e-01  -6.2229654e-01   3.3314982e-01   2.8917527e-01  -1.7171887e+00
   2.0000000e+00   5.1283048e-02   1.9176561e+00   5.6034787e-01   6.5009789e-01  -9.3185110e-01   2.4787016e-01   1.1902178e+00  -3.8054034e-01  -2.0227535e+00   4.2246968e-01
   2.0000000e+00   6.5751238e-01  -2.6628383e-01   1.5200460e+00   2.6530524e-01   5.2836441e-01   1.3294809e+00   3.2506864e-01  -2.3415544e-01   1.6736264e+00  -1.3828752e+00
   2.0000000e+00  -5.0727057e-01  -4.9408358e-01  -2.8720272e+00  -1.6171589e+00  -2.5563970e-01   1.2615991e+00  -1.6435157e+00  -3.7901048e-01   7.6029053e-01   3.8738747e-01
   2.0000000e+00   4.2581474e-01   6.9091987e-02  -1.0040270e+00   3.6071381e-01   1.7517882e+00   1.1530320e+00  -2.7295994e-02   7.6505133e-01   1.4074519e+00   1.4999683e+00
   2.0000000e+00   2.7446458e+00   1.4017986e+00   1.1940924e+00  -4.1714408e-01   1.6205985e-01   2.7261002e-02   1.5144431e-01   3.6892754e-04  -5.4283331e-01  -2.6031926e+00
   2.0000000e+00  -1.2420660e+00  -1.8316947e-01  -5.9593570e-01  -1.0768520e+00  -3.4993272e-01  -2.0292677e-01   1.8999084e+00   1.3063636e-01  -1.4784046e+00   1.3349668e+00
   2.0000000e+00   1.1730492e+00   7.3101246e-01  -1.3812798e+00   1.0078986e+00   4.6835632e-01   3.2146137e-02   1.7795349e+00  -1.2970353e+00  -1.4238267e+00  -5.9452310e-01
   2.0000000e+00  -4.9766510e-01   1.0625406e+00  -4.7988519e-01  -1.4173607e+00  -4.6201656e-02   1.4884873e+00   4.5018823e-01   9.7048328e-02   1.1517379e+00  -1.5585264e+00
   2.0000000e+00   3.5769016e-01   2.1926608e-01   9.0732989e-01   6.0552426e-01  -2.1998881e+00   7.2548996e-01  -8.1975184e-01   3.8627068e-01  -8.4932887e-01   1.1842671e+00
   2.0000000e+00   6.6581473e-01   1.7343225e-01   1.4018132e+00   1.3719150e+00   3.7196821e-01   2.5706668e-01  -3.1687659e-01   1.7509267e+00   7.5712284e-01  -6.7885689e-02
   2.0000000e+00   1.1903372e+00  -5.3292610e-01  -6.6679653e-02   9.2849418e-01  -1.6993619e+00  -3.7504792e-01  -8.8151830e-03   1.3851883e-01  -5.3943786e-01  -4.0117431e-01
   2.0000000e+00  -5.7423256e-01   1.1872892e-01  -2.6052650e-01  -1.6912450e-01   1.5382433e+00   1.4834154e-01  -1.5131089e+00  -8.7796294e-01  -1.9186976e+00  -1.0061052e+00
   2.0000000e+00  -7.9244794e-01  -1.2298287e+00   4.5546225e-01  -7.2924405e-01  -2.7229296e-01  -2.0306220e-01   1.4992693e-01   3.6153771e-02   8.6642961e-01   3.2046741e-02
   2.0000000e+00   8.9566955e-01   2.4876599e+00   2.6413841e-02  -1.7040070e+00   3.3791145e-01  -3.0171758e-01  -1.6982057e+00   9.7167790e-01   5.4543998e-02  -2.3998497e-01
   1.0000000e+00  -1.7122099e+00   4.5465460e-01   3.3851041e-01  -1.1177034e+00   4.0405548e-01   5.9944516e-01   2.0340557e-01   7.4521562e-01  -4.4710495e-01   1.9998217e+00
   1.0000000e+00  -5.5108112e-01  -1.0501460e-02   4.1258654e-01  -9.5352943e-01  -1.5907277e+00  -6.3747159e-01  -1.1349674e+00   1.6624255e-01   7.8920064e-01   2.3514490e-01
   2.0000000e+00  -6.2595831e-01   8.3025633e-01  -2.3669666e-01  -1.3898118e+00   1.1944180e+00  -9.9956600e-02  -1.1910236e+00   1.4471523e+00   1.6269133e+00   8.4921583e-01
   2.0000000e+00  -2.2267786e-01   2.9933503e+00   1.2392655e+00  -4.0631683e-01  -1.0775138e+00  -7.2509215e-01  -1.3005035e+00  -9.1319647e-01  -1.6282453e+00  -6.6995446e-02
   1.0000000e+00   2.0639064e-02   7.7076157e-02   4.4025671e-02   8.1145189e-01   1.1417466e+00   1.3027429e-01  -1.9090431e-01   1.4382469e-01   1.1852961e+00  -2.9445107e-01
   2.0000000e+00  -8.0684413e-01  -5.5691204e-01   7.9915932e-01   5.6550787e-01   6.1806074e-01   8.3385198e-01   7.7535162e-01  -9.8323920e-01  -1.0340461e+00   1.7740550e-01
   1.0000000e+00   2.9873778e-01   2.1091119e-01   5.9985900e-02  -2.1593390e-01  -1.1566176e+00  -8.9211151e-01   1.2174748e+00  -7.8004132e-01  -1.6667505e+00   7.0008911e-01
   2.0000000e+00  -1.8162016e+00  -1.6663619e+00   7.9826996e-01   7.9216135e-01   1.5793330e+00  -3.6112991e-01  -1.6523270e-03   3.5867739e-01   1.9206469e-01   5.2251299e-02
   2.0000000e+00   1.7203576e-01   6.3440421e-01  -2.3981298e-01  -2.6934741e+00  -2.7067112e-01   6.3988350e-01   6.8905226e-01  -1.0434510e+00  -1.6874943e+00  -3.2318468e-01
   2.0000000e+00   2.7787108e-01  -1.0072664e+00   4.2958045e-01  -1.2602535e-01  -3.9136131e-01  -1.5558159e+00   1.0055969e+00  -6.7115620e-01  -1.4200375e+00  -7.6600973e-01
   2.0000000e+00  -5.0981641e-01   7.6018693e-02  -1.1484743e+00  -6.5135392e-01   7.7124929e-01   6.6065568e-01   5.3787546e-01  -1.3946370e+00   1.3687048e-01   3.9365487e-01
   1.0000000e+00   1.3602891e+00  -4.6986635e-01   1.3262731e-01   5.0733456e-01  -2.1087727e+00  -1.8417365e-02   9.1456915e-01   4.9656169e-01  -1.8460303e+00   1.8117187e+00
   2.0000000e+00   6.3784430e-03   2.0349820e+00   4.1531420e-01   4.3387115e-01  -1.7023295e+00  -1.8354685e+00  -1.5948197e+00  -7.6392437e-01   1.1854546e-01  -5.9322918e-01
   2.0000000e+00  -3.9675905e-01  -5.4002819e-01   9.4128732e-01   7.1521020e-01  -7.7348490e-01  -1.1971457e+00   5.3926919e-01   1.8401443e+00  -3.8043996e-01   1.2458239e+00
   2.0000000e+00   2.3885400e-01  -4.4747296e-01  -1.4046614e+00   1.0446615e+00  -5.3256630e-01  -1.1155034e+00   1.1030689e+00  -9.3400332e-01  -3.0261078e-01   7.4879005e-02
   2.0000000e+00  -4.1588166e-01  -1.0267275e+00  -1.1327073e-01   6.1077486e-01   1.2796541e-01   2.3298173e+00  -1.4814993e+00  -3.7054813e-01  -6.2043692e-01  -1.4315152e+00
   2.0000000e+00   4.5470048e-01   2.1199274e+00   3.4316632e-01  -5.5109186e-01  -2.1948375e-01   1.8649934e+00  -1.1407502e+00   5.2952373e-01  -4.4934664e-01   1.0650862e-01
   2.0000000e+00  -3.9289097e-01  -1.8801213e+00   8.8132446e-01  -2.2203777e-01  -5.4979456e-01  -9.7704499e-01  -1.3300177e+00   1.9411291e+00  -4.6452551e-01   6.5294020e-01
   2.0000000e+00  -1.2993061e+00   7.5666008e-02  -1.0660008e-01   3.9632232e-01  -1.4637836e+00   1.0645342e+00  -1.7306458e+00  -2.8652140e-01   7.6996177e-01  -1.1187927e+00
   2.0000000e+00   3.2415684e-01  -7.4009839e-01  -1.4475793e-01   6.4569444e-01  -7.0103133e-01  -1.6538390e+00  -5.5867282e-01   5.0541775e-01  -9.1022547e-02  -6.0283529e-01
   2.0000000e+00  -8.1066792e-01   1.4312978e+00   4.2462812e-01   3.4418598e-01  -4.8912881e-01   3.8844541e-01  -1.1197135e+00   5.5518758e-01  -8.4942744e-01  -4.5101526e-01
   2.0000000e+00   1.6025246e+00   6.5173015e-01  -2.8788405e-01  -7.0826514e-01   1.2025634e+00  -1.0690736e+00   1.5318007e+00   1.5675855e-01   4.4184045e-01  -2.1236875e+00
   2.0000000e+00  -1.6684405e+00  -7.1634466e-01  -1.7801457e-01   5.3788263e-01  -2.1238402e+00   7.7459134e-01   7.4192026e-02  -8.6058278e-01  -6.6207628e-01   1.4941439e+00
   1.0000000e+00   1.5126413e+00  -6.7541897e-01   1.9176983e-01   3.7611651e-01   2.5940123e+00  -7.3771745e-01  -1.8640409e+00   8.7591029e-01  -4.1036851e-01   3.2744449e-01
   2.0000000e+00  -5.8629838e-01   1.5978021e+00  -6.2441344e-01   5.0929695e-01  -5.2355715e-01   3.5626730e-01  -6.9144998e-01   1.0920939e+00  -3.2342126e-01   7.5106643e-02
   2.0000000e+00  -7.6694211e-02   1.6799853e+00  -6.0079171e-01   1.0098884e-02  -6.8819702e-01  -4.3596653e-02  -6.6063066e-01   7.4142909e-01  -5.8180262e-01  -2.0827593e-01
   2.0000000e+00   3.5397983e-01  -1.0864932e+00   1.4700612e+00  -8.0993253e-01  -1.0282855e+00   2.8587928e-02  -8.2247683e-01  -1.1673759e+00   1.7361046e+00  -1.7793493e+00
   1.0000000e+00  -2.8789481e-02  -7.6864532e-01   8.2025332e-02  -1.4889090e+00  -2.5353942e-01   6.3229488e-01   1.3775743e-01   6.6849980e-01   7.1834836e-01   6.9312982e-01
   2.0000000e+00   4.8948959e-02   1.9499863e+00   2.5467419e+00  -1.6814042e+00  -1.1784686e+00   1.8682073e+00   3.4554908e-02   2.6953123e-01   6.0776049e-01   1.4678472e-01
   2.0000000e+00  -4.1390354e-01   1.1642634e+00  -1.5039164e+00  -1.5135318e-01   1.5295911e-01  -2.6324648e-02  -8.0134958e-02  -9.1703425e-01  -1.3918887e-01  -4.4820446e-01
   2.0000000e+00  -9.0213188e-01  -9.0723338e-01  -2.1021297e-01  -1.8526580e+00  -1.2063684e+00   1.1643250e+00  -1.7453876e+00   4.5348951e-01  -5.9102780e-02  -2.5836336e-01
   2.0000000e+00   3.0440882e-01   2.0509332e-01  -2.4109398e+00  -1.9617623e+00  -5.1081876e-01  -3.0366440e-01  -2.6603424e+00   8.6353293e-01   3.9795628e-01  -8.8097778e-01
   2.0000000e+00   2.3708709e-01   1.4532915e+00  -1.8911296e-01   6.8822271e-02   1.0556158e-01   2.8446972e-01  -7.5986048e-01   6.3183452e-01  -5.6237430e-01  -1.1465567e+00
   1.0000000e+00   1.0655274e+00  -6.4001160e-01   1.0948902e-02  -1.1747384e+00   3.7546534e-02  -2.2961442e-01  -6.4867897e-01  -3.3339838e-01  -1.4127407e-02  -9.5047777e-01
   2.0000000e+00  -1.7499261e+00  -4.4496136e-01  -2.6216983e-01   8.6424121e-01  -5.9930567e-01  -6.9692415e-01   1.9156737e+00   8.6289553e-01   2.1652866e+00  -1.4840533e+00
   2.0000000e+00   1.1442376e+00   9.3829659e-01   2.6369249e-01  -4.0625041e-01  -7.0820560e-01  -1.0237997e+00   1.9512869e+00  -4.0505459e-01   2.3390268e-01  -1.2761179e+00
   2.0000000e+00   6.3626653e-01   1.2463220e+00  -1.0434848e+00   7.2303216e-01  -7.8356291e-01   2.8242256e-01  -6.0609666e-01  -6.8195439e-01   3.2801116e-01  -3.9854190e-01
   1.0000000e+00   4.2568243e-01   3.3003470e-01   7.2237166e-01  -7.5034095e-01   1.8523777e-01  -3.5272158e-01  -1.7744196e-01  -2.0892925e+00   8.1799127e-01  -7.1747238e-02
   1.0000000e+00  -1.2124185e+00   8.0833760e-03   5.9223692e-02  -1.1976770e+00  -1.0667679e-01  -1.0835904e+00   2.1719621e+00  -2.5870392e-01   8.5716244e-01  -4.2459937e-01
   2.0000000e+00  -3.7057149e-01  -2.4289644e-01  -1.1067629e+00  -5.5277865e-01  -1.3080922e+00   1.1921092e+00  -3.8983682e-01   1.0554202e+00   1.6716418e+00  -8.8411168e-03
   2.0000000e+00   2.4509563e-01   2.0962666e+00  -5.8111591e-01  -8.9629603e-01  -8.3911194e-01  -9.2233211e-01  -8.1321724e-01   5.1798527e-01   1.4748001e+00   2.0149939e-01
   2.0000000e+00   2.9522721e-03   9.1461527e-01  -1.2368134e+00  -1.6216426e+00   1.4555782e+00  -1.1529262e+00   4.6343552e-01   3.6580424e-01  -8.9441497e-01   4.1633923e-01
   2.0000000e+00   9.7768923e-01   8.0127829e-01   9.4862399e-01  -1.3188034e+00  -1.2260110e+00  -2.0098740e-01   8.5760017e-01   8.5187391e-01  -1.1699894e+00  -9.2242993e-01
   1.0000000e+00  -9.6100318e-01   5.2739739e-01   6.8438559e-01  -1.9370568e-01   2.3684399e-01   8.7699502e-01   8.9726920e-01  -9.3278867e-01  -4.8026296e-01  -6.7206772e-01
   2.0000000e+00  -2.2253002e+00   1.8740035e+00   1.6375163e-01  -1.7972982e+00   5.9171982e-01  -9.7023903e-01  -2.8965677e-01  -2.0711583e-01  -1.9583538e+00  -4.6803059e-02
   2.0000000e+00   5.3897241e-01   7.2465449e-01  -1.6843797e-01  -1.2778644e+00   8.0863759e-01  -8.0080212e-01  -1.1210905e+00   3.3933533e-01   2.1819103e+00   4.1367980e-01
   1.0000000e+00  -3.0768935e-01   8.4951719e-01   4.6427106e-02  -1.0107418e+00  -9.2010837e-01   5.9620778e-01   9.5754742e-02   5.5641860e-01  -7.3578587e-01  -1.7387096e-01
   2.0000000e+00  -1.7504124e+00  -5.3577111e-01   1.0758271e+00   1.0465106e+00   1.5121687e+00   7.0971703e-01  -5.3719296e-01   2.2558970e-01   5.6011490e-02   7.9476189e-01
   1.0000000e+00   2.7085280e+00   1.3193790e-01   3.7278648e-01   1.7683353e+00   5.1671987e-01   7.6886942e-02   1.1304191e-01   4.1176730e-01   1.3841876e+00  -3.9324813e-01
   2.0000000e+00  -1.3475863e-01  -2.9511781e-02  -8.3564449e-01   1.3452865e+00  -1.1039666e+00  -1.5609063e+00  -2.8289932e-01  -1.0420197e+00  -2.9221720e-03   8.2742443e-01
   1.0000000e+00   7.7976965e-01  -1.1481044e-01   7.5408348e-02  -1.3026351e-01   7.8155994e-01  -1.7746437e+00  -2.7933630e-01  -9.1164967e-01   9.6202869e-01  -3.6139253e-01
   2.0000000e+00   1.4701046e+00   1.9198263e+00   1.2986185e-03   1.1093648e+00  -7.6592074e-01  -4.2239309e-01  -1.4432871e+00  -2.3647640e-01  -1.2236495e+00   7.0677375e-01
   2.0000000e+00   1.5567727e-01  -5.0455105e-01   1.3912440e+00  -1.2808203e+00  -1.7499664e-01   5.2783882e-01   1.5230413e+00   1.4129020e+00  -2.5904698e-01   1.2738355e+00
   1.0000000e+00   2.7887391e-01  -8.3770159e-02   7.3146389e-02   1.0889051e-01  -2.4889862e+00  -1.5994261e+00   1.5094906e-01  -1.7528694e+00   6.5430912e-01  -1.1722529e+00
   2.0000000e+00   8.5862124e-01   1.2324543e+00  -2.0940011e+00   1.1547118e-01   1.2468811e+00  -7.5990893e-01   1.2872974e+00  -1.8230213e+00  -7.5773024e-01   6.3015502e-01
   2.0000000e+00  -1.0097270e+00  -1.0472437e+00  -7.0532637e-01  -7.0881497e-02  -4.0700997e-01  -1.0049076e+00   4.8446972e-01   7.0512333e-01  -6.7234470e-02  -1.8300302e-01
   2.0000000e+00  -1.1042717e+00   6.2919217e-01  -3.3391689e-01   5.1745352e-01  -6.3713648e-01   4.4266153e-01  -1.2794124e+00  -3.2518383e-01   1.2560948e-01   1.1864721e+00
   2.0000000e+00   9.6201318e-01   1.2676396e+00  -3.7323045e-01   1.6623807e-02   6.4750356e-01  -1.3790080e+00  -2.0238421e-01   2.4473435e+00   5.5145140e-01  -7.9533120e-02
   2.0000000e+00   5.6317601e-01   2.3487376e-01  -1.7390748e-01   1.2365356e+00   1.8030552e-01   1.2845628e-01  -1.5899435e+00  -7.7935350e-01   1.6399767e+00   3.0977293e-02
   2.0000000e+00  -1.2823593e+00   1.5174197e+00   9.3216190e-01  -2.6618010e-01  -2.3391130e-01   7.7444558e-02   1.2049705e+00   1.4249523e+00   3.6588878e-01   1.4364875e+00
   2.0000000e+00  -1.2113689e+00   6.6200090e-01  -7.7622957e-01  -3.7073901e-01   7.1210650e-02   1.1606439e-01   9.0740368e-01  -2.7308313e+00  -7.4416995e-01  -1.4776459e+00
   2.0000000e+00  -1.2145497e+00   1.9608640e+00   1.2361462e+00   1.6347129e+00   1.2183774e+00  -6.6335904e-01  -5.0146647e-01   9.0845563e-01   2.5864855e-01   4.3279821e-01
   2.0000000e+00   5.0866033e-01   6.7457273e-02   9.0155851e-01   1.3475415e+00   1.4507053e+00  -5.3153291e-01  -7.5688514e-01   1.1380934e+00   1.9652709e-01   1.3439830e+00
   2.0000000e+00   1.9127103e-01   1.9806546e+00   5.5250043e-01   1.9036383e+00  -7.7898054e-01  -5.3489377e-01   9.0556367e-01  -3.4791167e-01   6.2088762e-01  -8.2868297e-01
   2.0000000e+00  -2.0171252e-01   2.0439661e-01  -4.3140887e-01  -1.8757985e+00  -9.9024552e-01   4.0764687e-01   1.0060387e-01  -2.0393395e+00  -1.2982043e-01   5.9039782e-01
   1.0000000e+00   5.7739342e-01  -1.0423109e-01   7.1155751e-02   4.3875458e-01  -8.9479350e-01  -1.9209702e-01   2.1372754e+00   6.5319360e-01  -2.2638453e+00  -1.4068047e+00
   2.0000000e+00   4.7435432e-01   2.4618723e-01  -1.9726941e-01  -1.4483212e+00  -1.3946265e-01  -2.5973917e-01  -8.0444675e-02  -1.5994535e+00  -3.5033985e-01   9.4597160e-01
   2.0000000e+00   1.7244686e+00   1.1348108e+00  -7.2079231e-01  -4.4772642e-01   2.6952461e-01  -6.0920614e-01   1.4497529e-01  -3.4953485e-01  -5.9379413e-01  -6.1249366e-01
   2.0000000e+00  -7.7853895e-01   1.9836952e-01  -6.5828123e-01  -7.1448534e-01  -1.7544052e-01   8.5335292e-01  -5.5931029e-02   8.9267684e-01  -1.6573083e+00  -1.2551014e+00
   2.0000000e+00  -1.3675889e+00   5.8055912e-01  -1.8161020e-01  -4.9828130e-01   2.3457417e+00  -9.5453608e-01   7.8908546e-01  -7.1401424e-01   3.6593558e-01  -8.4299028e-01
   2.0000000e+00  -2.1005171e-02  -5.6214755e-01  -5.2207419e-01   1.1937379e+00  -2.1121413e-01   8.1559121e-01  -6.3985768e-01   4.4170803e-01  -6.8757621e-01  -7.2118823e-01
   1.0000000e+00  -7.3092411e-01  -6.7656017e-01   3.0439378e-01   9.7474066e-01   6.6531653e-01  -7.8418049e-01  -9.5188134e-01  -4.2312000e-01   1.3056692e+00   4.8826768e-01
   2.0000000e+00  -4.7582487e-02  -5.4710159e-01  -8.2031098e-01  -4.7733175e-01  -1.4232862e+00  -5.5635627e-01  -1.4205921e+00  -7.5910255e-02  -4.0795964e-01  -2.0451032e+00
   2.0000000e+00  -2.2955046e-01   1.0338600e+00  -3.2753243e-01   2.2041264e-01   8.5343917e-02  -9.5688534e-01  -8.9707742e-03  -4.3689113e-01  -1.2997426e+00   9.2145485e-01
   2.0000000e+00   6.0639237e-01  -1.3426699e+00  -4.7087444e-01   1.5380920e+00   7.9853499e-02   1.0303799e+00   4.4303007e-01   3.0830767e-01   1.3244712e+00  -3.2455370e-01
   2.0000000e+00   1.0620272e+00  -1.2938931e+00  -5.0858049e-01   1.0002101e+00   1.2059231e-01  -2.0651327e-01  -9.0569830e-01   1.8071153e+00  -8.0601216e-02  -6.3866154e-01
   2.0000000e+00  -2.0025969e+00   1.3640470e+00  -1.0335042e+00   1.6120409e+00   6.1065956e-01   7.9092247e-01  -9.2898165e-01  -2.9435486e-01   2.7445425e-01  -2.3067344e-01
